audio_timestamp,frequencies,fs,index,mic_positions,motors_pwm,motors_thrust,n_frequencies,n_mics,signals_imag_vect,signals_real_vect,timestamp,topic,vbat,vx,vy,x,y,yaw_deg,yaw_rate_deg,z
,,,0,,,,,,,,532686,geometry/pose_raw,,5.330477237701416,1.1441904306411743,18.15216827392578,4.396787643432617,0.13841713964939117,0.0,-0.3879915475845337
,,,1,,,,,,,,532695,geometry/pose_raw,,5.339165210723877,1.1455916166305542,18.205476760864258,4.408369064331055,0.1387195587158203,0.0,-0.3891478180885315
,,,2,,[0. 0. 0. 0.],[0. 0. 0. 0.],,,,,532701,crazyflie/motors,,,,,,,,
,,,3,,,,,,,,532705,geometry/pose_raw,,5.347900867462158,1.146785020828247,18.258872985839844,4.419964790344238,0.14101767539978027,0.0,-0.3903050720691681
,,,4,,,,,,,,532715,geometry/pose_raw,,5.356413841247559,1.1481845378875732,18.312355041503906,4.431574821472168,0.14113059639930725,0.0,-0.39146357774734497
,,,5,,,,,,,,532725,geometry/pose_raw,,5.3651885986328125,1.1495063304901123,18.365922927856445,4.443199157714844,0.14152972400188446,0.0,-0.3926246762275696
,,,6,,,,,,,,532735,geometry/pose_raw,,5.373920440673828,1.1507951021194458,18.419578552246094,4.454836845397949,0.14141692221164703,0.0,-0.39378851652145386
,,,7,,,,,,,,532745,geometry/pose_raw,,5.382395267486572,1.152137041091919,18.47332000732422,4.466487884521484,0.14089691638946533,0.0,-0.3949548304080963
,,,8,,,,,,,,532754,geometry/pose_raw,,5.390817642211914,1.1535481214523315,18.527145385742188,4.478152275085449,0.14057786762714386,0.0,-0.3961237668991089
,,,9,,,,,,,,532764,geometry/pose_raw,,5.3994245529174805,1.1550536155700684,18.581056594848633,4.489831447601318,0.14095422625541687,0.0,-0.39729419350624084
,,,10,,,,,,,,532775,geometry/pose_raw,,5.407991409301758,1.1565521955490112,18.635053634643555,4.50152587890625,0.1407971829175949,0.0,-0.3984650671482086
,,,11,,,,,,,,532784,geometry/pose_raw,,5.416645526885986,1.1579763889312744,18.689136505126953,4.513235092163086,0.14092811942100525,0.0,-0.3996376097202301
,,,12,,,,,,,,532795,geometry/pose_raw,,5.42533540725708,1.159367561340332,18.74330711364746,4.524958610534668,0.14094261825084686,0.0,-0.4008124768733978
,,,13,,,,,,,,532796,crazyflie/status,3.85337233543396,,,,,,,
,,,14,,[0. 0. 0. 0.],[0. 0. 0. 0.],,,,,532799,crazyflie/motors,,,,,,,,
,,,15,,,,,,,,532805,geometry/pose_raw,,5.4340362548828125,1.1607719659805298,18.797563552856445,4.536696434020996,0.14103278517723083,0.0,-0.4019894003868103
,,,16,,,,,,,,532815,geometry/pose_raw,,5.442736625671387,1.162203073501587,18.85190773010254,4.54844856262207,0.14037363231182098,0.0,-0.4031679928302765
,,,17,,,,,,,,532825,geometry/pose_raw,,5.451344966888428,1.1636914014816284,18.90633773803711,4.560215473175049,0.1411258578300476,0.0,-0.40434807538986206
,,,18,,,,,,,,532835,geometry/pose_raw,,5.459917068481445,1.165123462677002,18.960853576660156,4.571998119354248,0.1422499567270279,0.0,-0.405530720949173
,,,19,,,,,,,,532845,geometry/pose_raw,,5.4686384201049805,1.1665765047073364,19.01545524597168,4.58379602432251,0.1422545164823532,0.0,-0.40671634674072266
,,,20,,,,,,,,532855,geometry/pose_raw,,5.477361679077148,1.1679390668869019,19.070144653320312,4.595608711242676,0.14294451475143433,0.0,-0.4079051911830902
,,,21,,,,,,,,532865,geometry/pose_raw,,5.486090183258057,1.169335961341858,19.124921798706055,4.607435703277588,0.14344395697116852,0.0,-0.409096896648407
,,,22,,,,,,,,532875,geometry/pose_raw,,5.494699478149414,1.1709215641021729,19.179784774780273,4.6192779541015625,0.14343233406543732,0.0,-0.4102904200553894
,,,23,,,,,,,,532885,geometry/pose_raw,,5.503427505493164,1.1722782850265503,19.23473358154297,4.6311354637146,0.14389948546886444,0.0,-0.41148582100868225
,,,24,,,,,,,,532895,geometry/pose_raw,,5.512029647827148,1.1736606359481812,19.289770126342773,4.643007278442383,0.14366133511066437,0.0,-0.41268402338027954
,,,25,,[0. 0. 0. 0.],[0. 0. 0. 0.],,,,,532899,crazyflie/motors,,,,,,,,
,,,26,,,,,,,,532905,geometry/pose_raw,,5.520623207092285,1.1750271320343018,19.344892501831055,4.654892921447754,0.1438741236925125,0.0,-0.41388583183288574
,,,27,,,,,,,,532915,geometry/pose_raw,,5.529372215270996,1.1764435768127441,19.400100708007812,4.666792392730713,0.1435895711183548,0.0,-0.4150901436805725
,,,28,,,,,,,,532925,geometry/pose_raw,,5.538018703460693,1.1778312921524048,19.45539665222168,4.678706645965576,0.14441810548305511,0.0,-0.41629570722579956
,,,29,,,,,,,,532935,geometry/pose_raw,,5.5465521812438965,1.1792715787887573,19.510778427124023,4.690635681152344,0.14449940621852875,0.0,-0.4175020456314087
,,,30,,,,,,,,532945,geometry/pose_raw,,5.555276870727539,1.1807241439819336,19.566246032714844,4.702579498291016,0.1451057642698288,0.0,-0.418709397315979
,,,31,,,,,,,,532955,geometry/pose_raw,,5.563966751098633,1.1823316812515259,19.621801376342773,4.714539527893066,0.14548008143901825,0.0,-0.4199182093143463
,,,32,,,,,,,,532965,geometry/pose_raw,,5.572878360748291,1.1838631629943848,19.677444458007812,4.726515769958496,0.1458663046360016,0.0,-0.42112821340560913
,,,33,,,,,,,,532976,geometry/pose_raw,,5.581757068634033,1.1853662729263306,19.73317527770996,4.7385077476501465,0.14612650871276855,0.0,-0.4223388731479645
,,,34,,,,,,,,532985,geometry/pose_raw,,5.590427398681641,1.1868822574615479,19.78899383544922,4.750514984130859,0.14602436125278473,0.0,-0.42355045676231384
,,,35,,,,,,,,532995,geometry/pose_raw,,5.598787784576416,1.1882902383804321,19.844898223876953,4.762537002563477,0.1460571140050888,0.0,-0.4247628450393677
,,,36,,[0. 0. 0. 0.],[0. 0. 0. 0.],,,,,533001,crazyflie/motors,,,,,,,,
,,,37,,,,,,,,533006,geometry/pose_raw,,5.607198238372803,1.1897926330566406,19.90088653564453,4.77457332611084,0.14485804736614227,0.0,-0.4259757697582245
,,,38,,,,,,,,533015,geometry/pose_raw,,5.615785598754883,1.1911886930465698,19.956958770751953,4.786624431610107,0.14563317596912384,0.0,-0.42719075083732605
,,,39,,,,,,,,533025,geometry/pose_raw,,5.624482154846191,1.1927603483200073,20.013118743896484,4.798689842224121,0.1437978595495224,0.0,-0.4284089505672455
,,,40,,,,,,,,533034,geometry/pose_raw,,5.63321590423584,1.1941006183624268,20.069364547729492,4.810769557952881,0.14437168836593628,0.0,-0.4296303689479828
,,,41,,,,,,,,533045,geometry/pose_raw,,5.6418962478637695,1.1956104040145874,20.12569808959961,4.822864055633545,0.1438998281955719,0.0,-0.43085387349128723
,,,42,,,,,,,,533055,geometry/pose_raw,,5.650578498840332,1.1970889568328857,20.182119369506836,4.834973335266113,0.14359846711158752,0.0,-0.4320793151855469
,,,43,,,,,,,,533065,geometry/pose_raw,,5.65935754776001,1.1984314918518066,20.23862648010254,4.8470964431762695,0.14388324320316315,0.0,-0.4333072006702423
,,,44,,,,,,,,533075,geometry/pose_raw,,5.668202877044678,1.1997778415679932,20.295223236083984,4.859233856201172,0.1443527638912201,0.0,-0.43453747034072876
,,,45,,,,,,,,533084,geometry/pose_raw,,5.677097797393799,1.2012476921081543,20.35190773010254,4.8713860511779785,0.14446517825126648,0.0,-0.43577077984809875
,,,46,,,,,,,,533094,geometry/pose_raw,,5.685880184173584,1.202592372894287,20.408679962158203,4.883552551269531,0.1448279172182083,0.0,-0.4370076358318329
,,,47,,[0. 0. 0. 0.],[0. 0. 0. 0.],,,,,533099,crazyflie/motors,,,,,,,,
,,,48,,,,,,,,533104,geometry/pose_raw,,5.694499492645264,1.203857183456421,20.465539932250977,4.89573335647583,0.14622654020786285,0.0,-0.4382472634315491
,,,49,,,,,,,,533114,geometry/pose_raw,,5.7030534744262695,1.2053735256195068,20.522485733032227,4.907928943634033,0.1465858519077301,0.0,-0.4394882023334503
,,,50,,,,,,,,533125,geometry/pose_raw,,5.711700916290283,1.2068763971328735,20.579517364501953,4.920140266418457,0.1465834081172943,0.0,-0.4407302141189575
,,,51,,,,,,,,533134,geometry/pose_raw,,5.72036600112915,1.2084028720855713,20.636634826660156,4.932366847991943,0.14684809744358063,0.0,-0.44197434186935425
,,,52,,,,,,,,533145,geometry/pose_raw,,5.729183197021484,1.209911823272705,20.69384002685547,4.944609642028809,0.14765508472919464,0.0,-0.44322168827056885
,,,53,,,,,,,,533155,geometry/pose_raw,,5.738011837005615,1.2115147113800049,20.75113296508789,4.956867694854736,0.1463884562253952,0.0,-0.4444727897644043
,,,54,,,,,,,,533164,geometry/pose_raw,,5.746764659881592,1.2128709554672241,20.808513641357422,4.969140529632568,0.14646016061306,0.0,-0.44572684168815613
,,,55,,,,,,,,533174,geometry/pose_raw,,5.755491733551025,1.2144829034805298,20.865982055664062,4.9814276695251465,0.14547757804393768,0.0,-0.44698166847229004
,,,56,,,,,,,,533184,geometry/pose_raw,,5.764231204986572,1.216015338897705,20.923538208007812,4.993730068206787,0.14513470232486725,0.0,-0.4482368528842926
,,,57,,,,,,,,533194,geometry/pose_raw,,5.772810459136963,1.2174322605133057,20.98118019104004,5.006047248840332,0.14455236494541168,0.0,-0.4494933485984802
,,,58,,[0. 0. 0. 0.],[0. 0. 0. 0.],,,,,533198,crazyflie/motors,,,,,,,,
,,,59,,,,,,,,533206,geometry/pose_raw,,5.781391143798828,1.2188665866851807,21.038908004760742,5.018378257751465,0.144328773021698,0.0,-0.4507509469985962
,,,60,,,,,,,,533214,geometry/pose_raw,,5.7901930809021,1.220328450202942,21.096723556518555,5.030724048614502,0.1445087194442749,0.0,-0.4520092010498047
,,,61,,,,,,,,533224,geometry/pose_raw,,5.798995018005371,1.2219356298446655,21.154626846313477,5.043085098266602,0.14310254156589508,0.0,-0.4532686173915863
,,,62,,,,,,,,533234,geometry/pose_raw,,5.807718753814697,1.2232815027236938,21.212617874145508,5.0554609298706055,0.14407002925872803,0.0,-0.45452988147735596
,,,63,,,,,,,,533245,geometry/pose_raw,,5.816364288330078,1.2246983051300049,21.270694732666016,5.067851543426514,0.14440421760082245,0.0,-0.4557935893535614
,,,64,,,,,,,,533254,geometry/pose_raw,,5.825296401977539,1.2259148359298706,21.328859329223633,5.08025598526001,0.14580412209033966,0.0,-0.4570598900318146
,,,65,,,,,,,,533264,geometry/pose_raw,,5.834170818328857,1.2274531126022339,21.387113571166992,5.09267520904541,0.14518149197101593,0.0,-0.45832833647727966
,,,66,,,,,,,,533275,geometry/pose_raw,,5.842963218688965,1.2287975549697876,21.44545555114746,5.105108737945557,0.14570146799087524,0.0,-0.45959872007369995
,,,67,,,,,,,,533284,geometry/pose_raw,,5.851820468902588,1.2302460670471191,21.503887176513672,5.117557048797607,0.14575597643852234,0.0,-0.4608707129955292
,,,68,,,,,,,,533295,geometry/pose_raw,,5.860672473907471,1.2315680980682373,21.562406539916992,5.130019664764404,0.1459207683801651,0.0,-0.4621450901031494
,,,69,,[0. 0. 0. 0.],[0. 0. 0. 0.],,,,,533299,crazyflie/motors,,,,,,,,
,,,70,,,,,,,,533304,geometry/pose_raw,,5.869470596313477,1.2329065799713135,21.621013641357422,5.142495632171631,0.145823135972023,0.0,-0.46342238783836365
,,,71,,,,,,,,533314,geometry/pose_raw,,5.8781938552856445,1.234391689300537,21.67970848083496,5.154985427856445,0.1450585126876831,0.0,-0.4647011160850525
,,,72,,,,,,,,533324,geometry/pose_raw,,5.887054920196533,1.2358312606811523,21.73849105834961,5.167490005493164,0.14526936411857605,0.0,-0.4659804403781891
,,,73,,,,,,,,533334,geometry/pose_raw,,5.896052360534668,1.237396478652954,21.79736328125,5.180009365081787,0.14402920007705688,0.0,-0.46726036071777344
,,,74,,,,,,,,533344,geometry/pose_raw,,5.905001163482666,1.2385938167572021,21.856325149536133,5.192542552947998,0.14512290060520172,0.0,-0.4685410261154175
,,,75,,,,,,,,533354,geometry/pose_raw,,5.913875579833984,1.2399778366088867,21.915376663208008,5.205089569091797,0.14522510766983032,0.0,-0.4698229432106018
,,,76,,,,,,,,533364,geometry/pose_raw,,5.922745704650879,1.241251826286316,21.974515914916992,5.217650413513184,0.14568063616752625,0.0,-0.47110670804977417
,,,77,,,,,,,,533374,geometry/pose_raw,,5.931547164916992,1.2425003051757812,22.03374481201172,5.230224609375,0.14612902700901031,0.0,-0.4723924398422241
,,,78,,,,,,,,533384,geometry/pose_raw,,5.940317153930664,1.243744969367981,22.093061447143555,5.242811679840088,0.14624841511249542,0.0,-0.47367987036705017
,,,79,,,,,,,,533394,geometry/pose_raw,,5.949090003967285,1.2451657056808472,22.1524658203125,5.2554121017456055,0.14563965797424316,0.0,-0.4749695956707001
,,,80,,[0. 0. 0. 0.],[0. 0. 0. 0.],,,,,533398,crazyflie/motors,,,,,,,,
,,,81,,,,,,,,533404,geometry/pose_raw,,5.95784854888916,1.2465623617172241,22.211956024169922,5.268026351928711,0.14512820541858673,0.0,-0.47626233100891113
,,,82,,,,,,,,533414,geometry/pose_raw,,5.966607093811035,1.2479609251022339,22.271533966064453,5.280654430389404,0.1444319784641266,0.0,-0.47755709290504456
,,,83,,,,,,,,533424,geometry/pose_raw,,5.975295066833496,1.249374270439148,22.331199645996094,5.293295860290527,0.14391881227493286,0.0,-0.4788528084754944
,,,84,,,,,,,,533434,geometry/pose_raw,,5.984057903289795,1.2505649328231812,22.390953063964844,5.305951118469238,0.1452345997095108,0.0,-0.48014992475509644
,,,85,,,,,,,,533445,geometry/pose_raw,,5.993035793304443,1.252018690109253,22.450794219970703,5.318620204925537,0.14419424533843994,0.0,-0.48144781589508057
,,,86,,,,,,,,533454,geometry/pose_raw,,6.001975059509277,1.253319263458252,22.510725021362305,5.331302642822266,0.14463980495929718,0.0,-0.4827457666397095
,,,87,,,,,,,,533464,geometry/pose_raw,,6.010750770568848,1.2548290491104126,22.57074546813965,5.34399938583374,0.14349250495433807,0.0,-0.4840448498725891
,,,88,,,,,,,,533474,geometry/pose_raw,,6.019304275512695,1.256143569946289,22.63085174560547,5.356709957122803,0.14376161992549896,0.0,-0.4853455722332001
,,,89,,,,,,,,533484,geometry/pose_raw,,6.027843475341797,1.2574011087417603,22.691043853759766,5.369433879852295,0.14415457844734192,0.0,-0.48664769530296326
,,,90,,,,,,,,533494,geometry/pose_raw,,6.036562919616699,1.258650779724121,22.75132179260254,5.382171630859375,0.14554327726364136,0.0,-0.48795098066329956
,,,91,,[0. 0. 0. 0.],[0. 0. 0. 0.],,,,,533498,crazyflie/motors,,,,,,,,
,,,92,,,,,,,,533504,geometry/pose_raw,,6.045475959777832,1.259995937347412,22.811687469482422,5.394923210144043,0.1461985856294632,0.0,-0.4892556667327881
,,,93,,,,,,,,533514,geometry/pose_raw,,6.054345607757568,1.261467456817627,22.872142791748047,5.407689094543457,0.14483381807804108,0.0,-0.4905616044998169
,,,94,,,,,,,,533524,geometry/pose_raw,,6.063141345977783,1.262588381767273,22.93268585205078,5.420468330383301,0.14693814516067505,0.0,-0.4918690621852875
,,,95,,,,,,,,533534,geometry/pose_raw,,6.071871280670166,1.2639206647872925,22.993316650390625,5.433260917663574,0.14660073816776276,0.0,-0.4931793510913849
,,,96,,,,,,,,533545,geometry/pose_raw,,6.080626010894775,1.2651309967041016,23.054035186767578,5.446066856384277,0.1472608745098114,0.0,-0.4944923222064972
,,,97,,,,,,,,533556,geometry/pose_raw,,6.089359760284424,1.266420841217041,23.11484146118164,5.45888614654541,0.14768262207508087,0.0,-0.4958071708679199
,,,98,,,,,,,,533565,geometry/pose_raw,,6.098280429840088,1.2675522565841675,23.175735473632812,5.4717183113098145,0.14832134544849396,0.0,-0.4971230924129486
,,,99,,,,,,,,533575,geometry/pose_raw,,6.107347011566162,1.2686684131622314,23.236719131469727,5.484562873840332,0.149483785033226,0.0,-0.49843883514404297
,,,100,,,,,,,,533586,geometry/pose_raw,,6.116273880004883,1.2700191736221313,23.297792434692383,5.497420787811279,0.15043042600154877,0.0,-0.4997543692588806
,,,101,,,,,,,,533595,geometry/pose_raw,,6.124998569488525,1.2714749574661255,23.35895347595215,5.510293960571289,0.150679349899292,0.0,-0.501070499420166
,,,102,,[0. 0. 0. 0.],[0. 0. 0. 0.],,,,,533599,crazyflie/motors,,,,,,,,
,,,103,,,,,,,,533605,geometry/pose_raw,,6.133767604827881,1.2729777097702026,23.420202255249023,5.523181915283203,0.14982673525810242,0.0,-0.5023877620697021
,,,104,,,,,,,,533615,geometry/pose_raw,,6.142695903778076,1.274309515953064,23.481538772583008,5.536084175109863,0.15075905621051788,0.0,-0.5037069916725159
,,,105,,,,,,,,533625,geometry/pose_raw,,6.151643753051758,1.2755446434020996,23.542964935302734,5.549000263214111,0.15108191967010498,0.0,-0.5050289630889893
,,,106,,,,,,,,533634,geometry/pose_raw,,6.160598278045654,1.2768714427947998,23.604480743408203,5.561929225921631,0.1506420224905014,0.0,-0.5063523054122925
,,,107,,,,,,,,533645,geometry/pose_raw,,6.169440269470215,1.2781193256378174,23.666086196899414,5.57487154006958,0.15128833055496216,0.0,-0.5076762437820435
,,,108,,,,,,,,533655,geometry/pose_raw,,6.1782097816467285,1.2794747352600098,23.727779388427734,5.587827205657959,0.15107430517673492,0.0,-0.5090022087097168
,,,109,,,,,,,,533664,geometry/pose_raw,,6.187135696411133,1.280608892440796,23.789560317993164,5.600796222686768,0.15265531837940216,0.0,-0.5103303790092468
,,,110,,,,,,,,533675,geometry/pose_raw,,6.196263313293457,1.2818974256515503,23.851430892944336,5.613779067993164,0.15320773422718048,0.0,-0.5116599202156067
,,,111,,,,,,,,533684,geometry/pose_raw,,6.205461025238037,1.2832576036453247,23.913393020629883,5.62677526473999,0.1524961292743683,0.0,-0.5129909515380859
,,,112,,,,,,,,533695,geometry/pose_raw,,6.214509963989258,1.2846474647521973,23.975446701049805,5.639784812927246,0.15188096463680267,0.0,-0.5143231749534607
,,,113,,[0. 0. 0. 0.],[0. 0. 0. 0.],,,,,533700,crazyflie/motors,,,,,,,,
,,,114,,,,,,,,533706,geometry/pose_raw,,6.223441123962402,1.2857403755187988,24.03759002685547,5.652807712554932,0.1543273627758026,0.0,-0.5156564712524414
,,,115,,,,,,,,533714,geometry/pose_raw,,6.2323198318481445,1.287178874015808,24.099822998046875,5.665844917297363,0.15411436557769775,0.0,-0.5169909596443176
,,,116,,,,,,,,533725,geometry/pose_raw,,6.2413811683654785,1.2885082960128784,24.162145614624023,5.678896427154541,0.15516817569732666,0.0,-0.5183268189430237
,,,117,,,,,,,,533735,geometry/pose_raw,,6.250411510467529,1.2899237871170044,24.224557876586914,5.691962242126465,0.154765322804451,0.0,-0.5196642279624939
,,,118,,,,,,,,533745,geometry/pose_raw,,6.259613513946533,1.291221261024475,24.28706169128418,5.705041885375977,0.15499581396579742,0.0,-0.5210023522377014
,,,119,,,,,,,,533755,geometry/pose_raw,,6.268614292144775,1.292576551437378,24.34965705871582,5.718135356903076,0.15473517775535583,0.0,-0.5223410129547119
,,,120,,,,,,,,533765,geometry/pose_raw,,6.277446746826172,1.2939794063568115,24.412342071533203,5.731242656707764,0.1549699753522873,0.0,-0.523681104183197
,,,121,,,,,,,,533775,geometry/pose_raw,,6.286241054534912,1.2954678535461426,24.475114822387695,5.7443647384643555,0.1548207849264145,0.0,-0.525022566318512
,,,122,,,,,,,,533785,geometry/pose_raw,,6.29517126083374,1.2969008684158325,24.537975311279297,5.757501602172852,0.1546771377325058,0.0,-0.526364266872406
,,,123,,,,,,,,533795,geometry/pose_raw,,6.30424165725708,1.2981212139129639,24.60092544555664,5.770651817321777,0.15502777695655823,0.0,-0.5277054905891418
,,,124,,,,,,,,533796,crazyflie/status,3.85337233543396,,,,,,,
,,,125,,[0. 0. 0. 0.],[0. 0. 0. 0.],,,,,533798,crazyflie/motors,,,,,,,,
,,,126,,,,,,,,533805,geometry/pose_raw,,6.313227653503418,1.299405813217163,24.66396713256836,5.783814907073975,0.15436773002147675,0.0,-0.5290466547012329
,,,127,,,,,,,,533815,geometry/pose_raw,,6.322099208831787,1.3007160425186157,24.72709846496582,5.796990871429443,0.15461434423923492,0.0,-0.5303889513015747
,,,128,,,,,,,,533825,geometry/pose_raw,,6.330951690673828,1.3022156953811646,24.79031753540039,5.810181140899658,0.15417765080928802,0.0,-0.5317330956459045
,,,129,,,,,,,,533836,geometry/pose_raw,,6.339693546295166,1.3037323951721191,24.85362434387207,5.8233866691589355,0.15448926389217377,0.0,-0.5330787897109985
,,,130,,,,,,,,533845,geometry/pose_raw,,6.3485212326049805,1.3051543235778809,24.91701889038086,5.836606979370117,0.15397582948207855,0.0,-0.5344253182411194
,,,131,,,,,,,,533855,geometry/pose_raw,,6.357425212860107,1.3065648078918457,24.98050308227539,5.849841117858887,0.15351730585098267,0.0,-0.5357738137245178
,,,132,,,,,,,,533864,geometry/pose_raw,,6.3663787841796875,1.3079490661621094,25.044076919555664,5.863089084625244,0.1527889221906662,0.0,-0.537124514579773
,,,133,,,,,,,,533875,geometry/pose_raw,,6.37532377243042,1.3093172311782837,25.10774040222168,5.876349925994873,0.15197834372520447,0.0,-0.5384764075279236
,,,134,,,,,,,,533885,geometry/pose_raw,,6.384117603302002,1.310563564300537,25.171491622924805,5.889623641967773,0.15198485553264618,0.0,-0.5398296117782593
,,,135,,,,,,,,533895,geometry/pose_raw,,6.392918586730957,1.31192946434021,25.23533058166504,5.9029107093811035,0.1522655189037323,0.0,-0.5411848425865173
,,,136,,[0. 0. 0. 0.],[0. 0. 0. 0.],,,,,533899,crazyflie/motors,,,,,,,,
,,,137,,,,,,,,533905,geometry/pose_raw,,6.402036666870117,1.313114881515503,25.299259185791016,5.91621208190918,0.1538906693458557,0.0,-0.54254150390625
,,,138,,,,,,,,533915,geometry/pose_raw,,6.411087512969971,1.3142614364624023,25.363279342651367,5.9295268058776855,0.15521301329135895,0.0,-0.5438993573188782
,,,139,,,,,,,,533924,geometry/pose_raw,,6.419978618621826,1.3156445026397705,25.427387237548828,5.942855358123779,0.15555815398693085,0.0,-0.545258641242981
,,,140,,,,,,,,533935,geometry/pose_raw,,6.42902135848999,1.31698477268219,25.491586685180664,5.956198215484619,0.15550698339939117,0.0,-0.5466189384460449
,,,141,,,,,,,,533944,geometry/pose_raw,,6.4377899169921875,1.3182979822158813,25.55587387084961,5.9695539474487305,0.1548369973897934,0.0,-0.5479814410209656
,,,142,,,,,,,,533955,geometry/pose_raw,,6.446598529815674,1.319623589515686,25.620248794555664,5.9829230308532715,0.1553245335817337,0.0,-0.5493469834327698
,,,143,,,,,,,,533966,geometry/pose_raw,,6.45534610748291,1.3212482929229736,25.684711456298828,5.996306896209717,0.1544613391160965,0.0,-0.5507150292396545
,,,144,,,,,,,,533975,geometry/pose_raw,,6.464206218719482,1.3227183818817139,25.7492618560791,6.009706020355225,0.15420760214328766,0.0,-0.5520853400230408
,,,145,,,,,,,,533985,geometry/pose_raw,,6.473109245300293,1.3241502046585083,25.813901901245117,6.02311897277832,0.1532619744539261,0.0,-0.5534569025039673
,,,146,,,,,,,,533994,geometry/pose_raw,,6.482081413269043,1.325639247894287,25.878631591796875,6.036545753479004,0.15260522067546844,0.0,-0.5548291206359863
,,,147,,[0. 0. 0. 0.],[0. 0. 0. 0.],,,,,533999,crazyflie/motors,,,,,,,,
,,,148,,,,,,,,534004,geometry/pose_raw,,6.490766525268555,1.3270623683929443,25.943449020385742,6.049986839294434,0.1519157588481903,0.0,-0.5562025904655457
,,,149,,,,,,,,534017,geometry/pose_raw,,6.499341011047363,1.3286577463150024,26.00835418701172,6.063441753387451,0.15032221376895905,0.0,-0.5575778484344482
,,,150,,,,,,,,534025,geometry/pose_raw,,6.508020877838135,1.3302396535873413,26.073345184326172,6.076911926269531,0.14991667866706848,0.0,-0.558954656124115
,,,151,,,,,,,,534035,geometry/pose_raw,,6.5168776512146,1.3315352201461792,26.138423919677734,6.090396881103516,0.1511305719614029,0.0,-0.5603330731391907
,,,152,,,,,,,,534046,geometry/pose_raw,,6.525752067565918,1.3326835632324219,26.203590393066406,6.103896141052246,0.15261557698249817,0.0,-0.561712920665741
,,,153,,,,,,,,534065,geometry/pose_raw,,6.534660339355469,1.3340808153152466,26.26884651184082,6.117408752441406,0.15171422064304352,0.0,-0.5630931258201599
,,,154,,,,,,,,534082,geometry/pose_raw,,6.552508354187012,1.3367606401443481,26.399625778198242,6.144473552703857,0.15215367078781128,0.0,-0.565852701663971
,,,155,,,,,,,,534098,geometry/pose_raw,,6.570503234863281,1.339577317237854,26.530765533447266,6.171597480773926,0.15326838195323944,0.0,-0.5686122179031372
,,,156,,[0. 0. 0. 0.],[0. 0. 0. 0.],,,,,534110,crazyflie/motors,,,,,,,,
,,,157,,,,,,,,534112,geometry/pose_raw,,6.579537391662598,1.3408795595169067,26.59646987915039,6.185181140899658,0.15356099605560303,0.0,-0.5699923038482666
,,,158,,,,,,,,534128,geometry/pose_raw,,6.597537994384766,1.3434617519378662,26.728147506713867,6.212388038635254,0.1533336490392685,0.0,-0.5727524757385254
,,,159,,,,,,,,534145,geometry/pose_raw,,6.606413841247559,1.3448448181152344,26.79412078857422,6.226011276245117,0.1525973230600357,0.0,-0.5741331577301025
,,,160,,,,,,,,534165,geometry/pose_raw,,6.633026123046875,1.3486846685409546,26.992572784423828,6.266963005065918,0.15488557517528534,0.0,-0.5782716274261475
,,,161,,,,,,,,534176,geometry/pose_raw,,6.641974449157715,1.3498293161392212,27.058900833129883,6.280641078948975,0.15647590160369873,0.0,-0.5796518325805664
,,,162,,,,,,,,534185,geometry/pose_raw,,6.651031970977783,1.3511520624160767,27.12531852722168,6.294332981109619,0.15673744678497314,0.0,-0.5810329914093018
,,,163,,,,,,,,534194,geometry/pose_raw,,6.660158634185791,1.3526686429977417,27.19182777404785,6.308039665222168,0.157098188996315,0.0,-0.5824153423309326
,,,164,,[0. 0. 0. 0.],[0. 0. 0. 0.],,,,,534199,crazyflie/motors,,,,,,,,
,,,165,,,,,,,,534205,geometry/pose_raw,,6.669288158416748,1.3540773391723633,27.2584285736084,6.321761608123779,0.15697835385799408,0.0,-0.5837978720664978
,,,166,,,,,,,,534216,geometry/pose_raw,,6.678284168243408,1.3553529977798462,27.325119018554688,6.33549690246582,0.15710057318210602,0.0,-0.5851808786392212
,,,167,,,,,,,,534227,geometry/pose_raw,,6.687211990356445,1.3565905094146729,27.39189910888672,6.349245548248291,0.1578761488199234,0.0,-0.5865654945373535
,,,168,,,,,,,,534234,geometry/pose_raw,,6.696236610412598,1.3577836751937866,27.458768844604492,6.363007545471191,0.15884022414684296,0.0,-0.5879513025283813
,,,169,,,,,,,,534245,geometry/pose_raw,,6.705374240875244,1.3590068817138672,27.52573013305664,6.3767828941345215,0.15957070887088776,0.0,-0.5893374085426331
,,,170,,,,,,,,534255,geometry/pose_raw,,6.71439790725708,1.360315203666687,27.59278106689453,6.390571594238281,0.15934370458126068,0.0,-0.5907238721847534
,,,171,,,,,,,,534264,geometry/pose_raw,,6.7233710289001465,1.3614578247070312,27.659921646118164,6.4043731689453125,0.16074277460575104,0.0,-0.5921112895011902
,,,172,,,,,,,,534277,geometry/pose_raw,,6.732433795928955,1.3627489805221558,27.727153778076172,6.418188571929932,0.16129983961582184,0.0,-0.5934997797012329
,,,173,,,,,,,,534284,geometry/pose_raw,,6.7415971755981445,1.36396324634552,27.794475555419922,6.4320173263549805,0.16188660264015198,0.0,-0.5948902368545532
,,,174,,,,,,,,534295,geometry/pose_raw,,6.750644207000732,1.3652671575546265,27.861888885498047,6.445859909057617,0.16277308762073517,0.0,-0.5962831974029541
,,,175,,[0. 0. 0. 0.],[0. 0. 0. 0.],,,,,534299,crazyflie/motors,,,,,,,,
,,,176,,,,,,,,534305,geometry/pose_raw,,6.759580135345459,1.366653561592102,27.929391860961914,6.459717273712158,0.1636459082365036,0.0,-0.5976778864860535
,,,177,,,,,,,,534317,geometry/pose_raw,,6.768558502197266,1.368058681488037,27.996984481811523,6.473588943481445,0.1627572923898697,0.0,-0.5990748405456543
,,,178,,,,,,,,534325,geometry/pose_raw,,6.777554035186768,1.369532585144043,28.064666748046875,6.487473964691162,0.16190703213214874,0.0,-0.6004743576049805
,,,179,,,,,,,,534335,geometry/pose_raw,,6.786688327789307,1.3708771467208862,28.1324405670166,6.501373291015625,0.16229671239852905,0.0,-0.6018762588500977
,,,180,,,,,,,,534345,geometry/pose_raw,,6.7957868576049805,1.372338056564331,28.20030403137207,6.515286922454834,0.16173458099365234,0.0,-0.603279709815979
,,,181,,,,,,,,534354,geometry/pose_raw,,6.804740905761719,1.3738523721694946,28.268259048461914,6.529214382171631,0.16033795475959778,0.0,-0.6046838164329529
,,,182,,,,,,,,534365,geometry/pose_raw,,6.813607215881348,1.3752343654632568,28.3363037109375,6.543156147003174,0.160873144865036,0.0,-0.6060881614685059
,,,183,,,,,,,,534374,geometry/pose_raw,,6.822700500488281,1.3764280080795288,28.404438018798828,6.557111740112305,0.16187475621700287,0.0,-0.6074923872947693
,,,184,,,,,,,,534384,geometry/pose_raw,,6.831719398498535,1.377712368965149,28.4726619720459,6.571081161499023,0.16211026906967163,0.0,-0.6088972091674805
,,,185,,,,,,,,534395,geometry/pose_raw,,6.840523719787598,1.3789663314819336,28.54097557067871,6.585063457489014,0.1620485931634903,0.0,-0.6103044748306274
,,,186,,[0. 0. 0. 0.],[0. 0. 0. 0.],,,,,534400,crazyflie/motors,,,,,,,,
,,,187,,,,,,,,534404,geometry/pose_raw,,6.849306583404541,1.3800654411315918,28.609376907348633,6.599058628082275,0.16362470388412476,0.0,-0.6117154955863953
,,,188,,,,,,,,534415,geometry/pose_raw,,6.8583574295043945,1.3814220428466797,28.677865982055664,6.613067626953125,0.16416774690151215,0.0,-0.6131300330162048
,,,189,,,,,,,,534427,geometry/pose_raw,,6.867431640625,1.382855772972107,28.74644660949707,6.6270904541015625,0.1631661355495453,0.0,-0.6145465970039368
,,,190,,,,,,,,534437,geometry/pose_raw,,6.876478672027588,1.3840978145599365,28.81511688232422,6.641127109527588,0.16394148766994476,0.0,-0.615963339805603
,,,191,,,,,,,,534445,geometry/pose_raw,,6.885470867156982,1.3855243921279907,28.883878707885742,6.655177116394043,0.1632079780101776,0.0,-0.6173792481422424
,,,192,,,,,,,,534455,geometry/pose_raw,,6.894449710845947,1.3868379592895508,28.952730178833008,6.669240951538086,0.1632845550775528,0.0,-0.618794322013855
,,,193,,,,,,,,534464,geometry/pose_raw,,6.903646945953369,1.3881324529647827,29.021671295166016,6.683318138122559,0.16348421573638916,0.0,-0.6202091574668884
,,,194,,,,,,,,534474,geometry/pose_raw,,6.912695407867432,1.3894981145858765,29.0907039642334,6.697408676147461,0.1625731736421585,0.0,-0.6216242909431458
,,,195,,,,,,,,534484,geometry/pose_raw,,6.92193078994751,1.3906481266021729,29.159828186035156,6.711511611938477,0.16323530673980713,0.0,-0.623039960861206
,,,196,,,,,,,,534494,geometry/pose_raw,,6.931175708770752,1.3918765783309937,29.229045867919922,6.725627899169922,0.16390234231948853,0.0,-0.6244567632675171
,,,197,,[0. 0. 0. 0.],[0. 0. 0. 0.],,,,,534499,crazyflie/motors,,,,,,,,
,,,198,,,,,,,,534505,geometry/pose_raw,,6.94024658203125,1.3931928873062134,29.298355102539062,6.739758014678955,0.1648283302783966,0.0,-0.6258747577667236
,,,199,,,,,,,,534515,geometry/pose_raw,,6.949389457702637,1.3946393728256226,29.367753982543945,6.753902435302734,0.1640283316373825,0.0,-0.6272929906845093
,,,200,,,,,,,,534524,geometry/pose_raw,,6.958453178405762,1.3961478471755981,29.437244415283203,6.768060684204102,0.16277357935905457,0.0,-0.6287117004394531
,,,201,,,,,,,,534534,geometry/pose_raw,,6.967372417449951,1.3976365327835083,29.506824493408203,6.782232761383057,0.16223865747451782,0.0,-0.6301307082176208
,,,202,,,,,,,,534544,geometry/pose_raw,,6.9763922691345215,1.3992961645126343,29.576496124267578,6.796419620513916,0.16065138578414917,0.0,-0.6315484642982483
,,,203,,,,,,,,534554,geometry/pose_raw,,6.985747814178467,1.4006644487380981,29.646259307861328,6.810621738433838,0.16165819764137268,0.0,-0.632965624332428
,,,204,,,,,,,,534565,geometry/pose_raw,,6.9948835372924805,1.4019964933395386,29.716114044189453,6.824838161468506,0.16161547601222992,0.0,-0.6343836188316345
,,,205,,,,,,,,534575,geometry/pose_raw,,7.004054069519043,1.4031466245651245,29.786060333251953,6.8390679359436035,0.16287417709827423,0.0,-0.6358029842376709
,,,206,,,,,,,,534585,geometry/pose_raw,,7.013311386108398,1.4043467044830322,29.856098175048828,6.853311061859131,0.16361874341964722,0.0,-0.6372249126434326
,,,207,,,,,,,,534595,geometry/pose_raw,,7.02262020111084,1.405491828918457,29.92622947692871,6.86756706237793,0.16443373262882233,0.0,-0.6386491060256958
,,,208,,[0. 0. 0. 0.],[0. 0. 0. 0.],,,,,534600,crazyflie/motors,,,,,,,,
,,,209,,,,,,,,534604,geometry/pose_raw,,7.031975746154785,1.406661868095398,29.9964542388916,6.8818359375,0.16535533964633942,0.0,-0.6400734782218933
,,,210,,,,,,,,534614,geometry/pose_raw,,7.041072845458984,1.4080722332000732,30.066770553588867,6.896118640899658,0.16514280438423157,0.0,-0.6414973735809326
,,,211,,,,,,,,534624,geometry/pose_raw,,7.050107002258301,1.409045934677124,30.137178421020508,6.91041374206543,0.1664954423904419,0.0,-0.6429222226142883
,,,212,,,,,,,,534634,geometry/pose_raw,,7.059160232543945,1.410210371017456,30.20767593383789,6.924720764160156,0.16632333397865295,0.0,-0.6443495154380798
,,,213,,,,,,,,534644,geometry/pose_raw,,7.0682053565979,1.4113645553588867,30.278263092041016,6.939040184020996,0.16713111102581024,0.0,-0.6457791924476624
,,,214,,,,,,,,534654,geometry/pose_raw,,7.077096939086914,1.4129397869110107,30.348939895629883,6.953372955322266,0.16572034358978271,0.0,-0.6472097635269165
,,,215,,,,,,,,534664,geometry/pose_raw,,7.086208343505859,1.4144901037216187,30.419708251953125,6.9677205085754395,0.1654662787914276,0.0,-0.6486407518386841
,,,216,,,,,,,,534674,geometry/pose_raw,,7.09528923034668,1.4159985780715942,30.49056625366211,6.982082843780518,0.1642790138721466,0.0,-0.6500725746154785
,,,217,,,,,,,,534684,geometry/pose_raw,,7.10438346862793,1.4173674583435059,30.56151580810547,6.996459007263184,0.1638588309288025,0.0,-0.6515053510665894
,,,218,,,,,,,,534693,geometry/pose_raw,,7.113708972930908,1.4186376333236694,30.632556915283203,7.010848522186279,0.16428935527801514,0.0,-0.6529390215873718
,,,219,,[0. 0. 0. 0.],[0. 0. 0. 0.],,,,,534699,crazyflie/motors,,,,,,,,
,,,220,,,,,,,,534704,geometry/pose_raw,,7.122874736785889,1.4199843406677246,30.703691482543945,7.0252509117126465,0.1631457358598709,0.0,-0.6543734073638916
,,,221,,,,,,,,534715,geometry/pose_raw,,7.132001876831055,1.4211957454681396,30.774917602539062,7.039665699005127,0.16332951188087463,0.0,-0.655809223651886
,,,222,,,,,,,,534725,geometry/pose_raw,,7.140944957733154,1.4226038455963135,30.846233367919922,7.054093837738037,0.16297020018100739,0.0,-0.6572476625442505
,,,223,,,,,,,,534734,geometry/pose_raw,,7.1499714851379395,1.4240350723266602,30.917638778686523,7.068536281585693,0.16299180686473846,0.0,-0.6586889624595642
,,,224,,,,,,,,534744,geometry/pose_raw,,7.159075736999512,1.4253804683685303,30.9891357421875,7.082993030548096,0.1625855416059494,0.0,-0.6601327657699585
,,,225,,,,,,,,534757,geometry/pose_raw,,7.168310642242432,1.426444172859192,31.06072425842285,7.0974626541137695,0.16441114246845245,0.0,-0.6615778207778931
,,,226,,,,,,,,534768,geometry/pose_raw,,7.177498817443848,1.427704095840454,31.132404327392578,7.111945629119873,0.16496160626411438,0.0,-0.6630227565765381
,,,227,,,,,,,,534774,geometry/pose_raw,,7.186669826507568,1.4292254447937012,31.20417594909668,7.1264424324035645,0.16392932832241058,0.0,-0.6644670367240906
,,,228,,,,,,,,534785,geometry/pose_raw,,7.195703983306885,1.4305260181427002,31.276039123535156,7.140953540802002,0.16414235532283783,0.0,-0.6659106016159058
,,,229,,,,,,,,534795,geometry/pose_raw,,7.204964637756348,1.4317331314086914,31.347993850708008,7.155477523803711,0.16446568071842194,0.0,-0.6673551201820374
,,,230,,,,,,,,534796,crazyflie/status,3.85337233543396,,,,,,,
,,,231,,[0. 0. 0. 0.],[0. 0. 0. 0.],,,,,534800,crazyflie/motors,,,,,,,,
,,,232,,,,,,,,534804,geometry/pose_raw,,7.214069366455078,1.4330073595046997,31.420040130615234,7.17001485824585,0.16481314599514008,0.0,-0.6688022613525391
,,,233,,,,,,,,534813,geometry/pose_raw,,7.223233699798584,1.4342204332351685,31.492177963256836,7.184565544128418,0.16538821160793304,0.0,-0.6702514290809631
,,,234,,,,,,,,534823,geometry/pose_raw,,7.232441425323486,1.435545802116394,31.564407348632812,7.1991286277771,0.16458119451999664,0.0,-0.6717010736465454
,,,235,,,,,,,,534834,geometry/pose_raw,,7.241405963897705,1.4368218183517456,31.636728286743164,7.213704586029053,0.16460135579109192,0.0,-0.6731510758399963
,,,236,,,,,,,,534843,geometry/pose_raw,,7.250345706939697,1.4380918741226196,31.709138870239258,7.2282938957214355,0.16511593759059906,0.0,-0.6746013760566711
,,,237,,,,,,,,534854,geometry/pose_raw,,7.259330749511719,1.4395166635513306,31.781639099121094,7.242896556854248,0.1639755368232727,0.0,-0.6760515570640564
,,,238,,,,,,,,534864,geometry/pose_raw,,7.268513202667236,1.4407118558883667,31.854230880737305,7.257512092590332,0.1641683429479599,0.0,-0.6775018572807312
,,,239,,,,,,,,534875,geometry/pose_raw,,7.277713298797607,1.4420498609542847,31.92691421508789,7.2721405029296875,0.1636446863412857,0.0,-0.6789531111717224
,,,240,,,,,,,,534885,geometry/pose_raw,,7.286839485168457,1.443263292312622,31.99968910217285,7.286781311035156,0.16363398730754852,0.0,-0.6804062724113464
,,,241,,,,,,,,534894,geometry/pose_raw,,7.2957987785339355,1.444397211074829,32.07255554199219,7.301434516906738,0.16403663158416748,0.0,-0.6818614602088928
,,,242,,[0. 0. 0. 0.],[0. 0. 0. 0.],,,,,534898,crazyflie/motors,,,,,,,,
,,,243,,,,,,,,534904,geometry/pose_raw,,7.3048319816589355,1.4458224773406982,32.145511627197266,7.316100597381592,0.16323108971118927,0.0,-0.6833179593086243
,,,244,,,,,,,,534914,geometry/pose_raw,,7.313899040222168,1.447288155555725,32.21855545043945,7.330780982971191,0.16302554309368134,0.0,-0.6847745776176453
,,,245,,,,,,,,534924,geometry/pose_raw,,7.323126316070557,1.4484502077102661,32.291690826416016,7.345475196838379,0.1641850620508194,0.0,-0.6862303614616394
,,,246,,,,,,,,534933,geometry/pose_raw,,7.332309722900391,1.4498916864395142,32.36492156982422,7.360182762145996,0.16325139999389648,0.0,-0.6876862645149231
,,,247,,,,,,,,534943,geometry/pose_raw,,7.341470241546631,1.450884222984314,32.4382438659668,7.374903202056885,0.16469329595565796,0.0,-0.6891430020332336
,,,248,,,,,,,,534954,geometry/pose_raw,,7.350700855255127,1.452043056488037,32.51165771484375,7.3896355628967285,0.1650654375553131,0.0,-0.690599799156189
,,,249,,,,,,,,534964,geometry/pose_raw,,7.359846115112305,1.4533944129943848,32.58516311645508,7.4043803215026855,0.1638903170824051,0.0,-0.6920569539070129
,,,250,,,,,,,,534974,geometry/pose_raw,,7.368982315063477,1.4549059867858887,32.65876007080078,7.419137477874756,0.16162943840026855,0.0,-0.6935160160064697
,,,251,,,,,,,,534984,geometry/pose_raw,,7.378382682800293,1.4561883211135864,32.73244857788086,7.433907508850098,0.16154058277606964,0.0,-0.6949759125709534
,,,252,,,,,,,,534994,geometry/pose_raw,,7.387588977813721,1.4573819637298584,32.80623245239258,7.448690891265869,0.16258415579795837,0.0,-0.6964353919029236
,,,253,,[0. 0. 0. 0.],[0. 0. 0. 0.],,,,,534998,crazyflie/motors,,,,,,,,
,,,254,,,,,,,,535003,geometry/pose_raw,,7.396782875061035,1.4587374925613403,32.88010787963867,7.4634881019592285,0.16292671859264374,0.0,-0.6978963613510132
,,,255,,,,,,,,535013,geometry/pose_raw,,7.406317710876465,1.460042953491211,32.95407485961914,7.478298664093018,0.16228801012039185,0.0,-0.699360191822052
,,,256,,,,,,,,535023,geometry/pose_raw,,7.41563606262207,1.4612079858779907,33.02813720703125,7.49312162399292,0.16233840584754944,0.0,-0.7008256316184998
,,,257,,,,,,,,535034,geometry/pose_raw,,7.424861431121826,1.4623874425888062,33.102291107177734,7.507957458496094,0.1637892723083496,0.0,-0.7022925615310669
,,,258,,,,,,,,535045,geometry/pose_raw,,7.4340691566467285,1.463389277458191,33.176536560058594,7.522806167602539,0.1650974303483963,0.0,-0.7037634253501892
,,,259,,,,,,,,535053,geometry/pose_raw,,7.443337440490723,1.4644712209701538,33.25087356567383,7.537666320800781,0.16506759822368622,0.0,-0.705237627029419
,,,260,,,,,,,,535065,geometry/pose_raw,,7.452741622924805,1.4655091762542725,33.3253059387207,7.55253791809082,0.16579413414001465,0.0,-0.7067136168479919
,,,261,,,,,,,,535075,geometry/pose_raw,,7.462000846862793,1.4668470621109009,33.39982986450195,7.567421913146973,0.16559448838233948,0.0,-0.708189845085144
,,,262,,,,,,,,535085,geometry/pose_raw,,7.471027851104736,1.4679747819900513,33.47444534301758,7.582319259643555,0.1668478101491928,0.0,-0.7096656560897827
,,,263,,,,,,,,535094,geometry/pose_raw,,7.480008125305176,1.4695087671279907,33.54915237426758,7.597230911254883,0.16612114012241364,0.0,-0.7111417055130005
,,,264,,[0. 0. 0. 0.],[0. 0. 0. 0.],,,,,535099,crazyflie/motors,,,,,,,,
,,,265,,,,,,,,535105,geometry/pose_raw,,7.489195823669434,1.4709434509277344,33.62395095825195,7.612157344818115,0.16618533432483673,0.0,-0.7126175761222839
,,,266,,,,,,,,535114,geometry/pose_raw,,7.498540878295898,1.4722459316253662,33.6988410949707,7.627097129821777,0.1656198352575302,0.0,-0.7140935063362122
,,,267,,,,,,,,535124,geometry/pose_raw,,7.507876396179199,1.4736392498016357,33.773826599121094,7.642049312591553,0.1642555445432663,0.0,-0.7155706286430359
,,,268,,,,,,,,535134,geometry/pose_raw,,7.517117500305176,1.474926471710205,33.84890365600586,7.6570143699646,0.16383780539035797,0.0,-0.717048704624176
,,,269,,,,,,,,535144,geometry/pose_raw,,7.526339530944824,1.4762476682662964,33.924072265625,7.67199182510376,0.16310542821884155,0.0,-0.7185279130935669
,,,270,,,,,,,,535154,geometry/pose_raw,,7.535564422607422,1.4776097536087036,33.999332427978516,7.686982154846191,0.16268879175186157,0.0,-0.7200095653533936
,,,271,,,,,,,,535163,geometry/pose_raw,,7.54474401473999,1.4790080785751343,34.07468795776367,7.701986312866211,0.16274523735046387,0.0,-0.7214935421943665
,,,272,,,,,,,,535174,geometry/pose_raw,,7.553950786590576,1.4802500009536743,34.1501350402832,7.717004299163818,0.16349269449710846,0.0,-0.7229787111282349
,,,273,,,,,,,,535184,geometry/pose_raw,,7.56329345703125,1.4816374778747559,34.22567367553711,7.732036113739014,0.16332606971263885,0.0,-0.7244646549224854
,,,274,,,,,,,,535194,geometry/pose_raw,,7.572564125061035,1.4828704595565796,34.30130386352539,7.747081756591797,0.16356602311134338,0.0,-0.7259514927864075
,,,275,,[0. 0. 0. 0.],[0. 0. 0. 0.],,,,,535199,crazyflie/motors,,,,,,,,
,,,276,,,,,,,,535204,geometry/pose_raw,,7.581768989562988,1.4841489791870117,34.37702941894531,7.762139797210693,0.16331294178962708,0.0,-0.7274389266967773
,,,277,,,,,,,,535214,geometry/pose_raw,,7.590938091278076,1.4853405952453613,34.45284652709961,7.7772111892700195,0.16454976797103882,0.0,-0.7289271354675293
,,,278,,,,,,,,535224,geometry/pose_raw,,7.60005521774292,1.4865849018096924,34.52875518798828,7.792295932769775,0.16428175568580627,0.0,-0.7304167151451111
,,,279,,,,,,,,535234,geometry/pose_raw,,7.609320640563965,1.4876575469970703,34.60475540161133,7.807392597198486,0.1648634374141693,0.0,-0.7319080233573914
,,,280,,,,,,,,535244,geometry/pose_raw,,7.618685245513916,1.4888522624969482,34.68084716796875,7.822501182556152,0.1650415062904358,0.0,-0.7334014177322388
,,,281,,,,,,,,535255,geometry/pose_raw,,7.627904415130615,1.4902054071426392,34.75703048706055,7.83762264251709,0.16412407159805298,0.0,-0.7348960638046265
,,,282,,,,,,,,535265,geometry/pose_raw,,7.6372246742248535,1.4915096759796143,34.833309173583984,7.852756500244141,0.16359081864356995,0.0,-0.736392080783844
,,,283,,,,,,,,535274,geometry/pose_raw,,7.646533489227295,1.4926047325134277,34.9096794128418,7.867902755737305,0.16450823843479156,0.0,-0.7378909587860107
,,,284,,,,,,,,535284,geometry/pose_raw,,7.655734062194824,1.4939393997192383,34.986141204833984,7.88306188583374,0.1639646589756012,0.0,-0.7393923401832581
,,,285,,,,,,,,535294,geometry/pose_raw,,7.665060043334961,1.4952161312103271,35.06269836425781,7.898233890533447,0.1637790948152542,0.0,-0.74089515209198
,,,286,,[0. 0. 0. 0.],[0. 0. 0. 0.],,,,,535299,crazyflie/motors,,,,,,,,
,,,287,,,,,,,,535304,geometry/pose_raw,,7.674411296844482,1.4963634014129639,35.139347076416016,7.913417816162109,0.163424551486969,0.0,-0.7423990964889526
,,,288,,,,,,,,535314,geometry/pose_raw,,7.683770656585693,1.4974603652954102,35.21609115600586,7.928613662719727,0.16428129374980927,0.0,-0.7439042329788208
,,,289,,,,,,,,535324,geometry/pose_raw,,7.692949295043945,1.4989265203475952,35.29292678833008,7.943822383880615,0.16311796009540558,0.0,-0.7454104423522949
,,,290,,,,,,,,535334,geometry/pose_raw,,7.702094078063965,1.5003552436828613,35.36985397338867,7.959044933319092,0.16268828511238098,0.0,-0.7469179034233093
,,,291,,,,,,,,535345,geometry/pose_raw,,7.711404800415039,1.5016906261444092,35.44687271118164,7.974280834197998,0.16195234656333923,0.0,-0.7484269738197327
,,,292,,,,,,,,535354,geometry/pose_raw,,7.720658779144287,1.5029680728912354,35.52398681640625,7.989528656005859,0.16120098531246185,0.0,-0.7499371767044067
,,,293,,,,,,,,535364,geometry/pose_raw,,7.729865074157715,1.50437331199646,35.601192474365234,8.004789352416992,0.16033011674880981,0.0,-0.751447856426239
,,,294,,,,,,,,535374,geometry/pose_raw,,7.739263534545898,1.505631685256958,35.678489685058594,8.020064353942871,0.16175834834575653,0.0,-0.7529599070549011
,,,295,,,,,,,,535384,geometry/pose_raw,,7.748637676239014,1.5070338249206543,35.755882263183594,8.035353660583496,0.16220171749591827,0.0,-0.7544741630554199
,,,296,,,,,,,,535394,geometry/pose_raw,,7.75785493850708,1.5083842277526855,35.83336639404297,8.050657272338867,0.16188791394233704,0.0,-0.755990743637085
,,,297,,[0. 0. 0. 0.],[0. 0. 0. 0.],,,,,535398,crazyflie/motors,,,,,,,,
,,,298,,,,,,,,535404,geometry/pose_raw,,7.767251968383789,1.509443759918213,35.910945892333984,8.065974235534668,0.163261279463768,0.0,-0.7575088739395142
,,,299,,,,,,,,535414,geometry/pose_raw,,7.776559352874756,1.510532021522522,35.988616943359375,8.081303596496582,0.1639004349708557,0.0,-0.7590272426605225
,,,300,,,,,,,,535425,geometry/pose_raw,,7.785682678222656,1.5117487907409668,36.06637954711914,8.096644401550293,0.1634056270122528,0.0,-0.7605459094047546
,,,301,,,,,,,,535434,geometry/pose_raw,,7.794991970062256,1.5131436586380005,36.14423370361328,8.111997604370117,0.1621840000152588,0.0,-0.7620655298233032
,,,302,,,,,,,,535444,geometry/pose_raw,,7.804342746734619,1.5143109560012817,36.22218322753906,8.127363204956055,0.1626436412334442,0.0,-0.7635861039161682
,,,303,,,,,,,,535454,geometry/pose_raw,,7.81348991394043,1.5156759023666382,36.30022430419922,8.142741203308105,0.16181005537509918,0.0,-0.7651069760322571
,,,304,,,,,,,,535464,geometry/pose_raw,,7.822764873504639,1.516762614250183,36.37835693359375,8.158132553100586,0.162919819355011,0.0,-0.7666283845901489
,,,305,,,,,,,,535474,geometry/pose_raw,,7.832159042358398,1.5181540250778198,36.45658493041992,8.173537254333496,0.16320057213306427,0.0,-0.7681498527526855
,,,306,,,,,,,,535484,geometry/pose_raw,,7.841622352600098,1.5194083452224731,36.53490447998047,8.188956260681152,0.16433846950531006,0.0,-0.7696701884269714
,,,307,,,,,,,,535494,geometry/pose_raw,,7.851136207580566,1.5205848217010498,36.613319396972656,8.204388618469238,0.16458965837955475,0.0,-0.771190345287323
,,,308,,[0. 0. 0. 0.],[0. 0. 0. 0.],,,,,535498,crazyflie/motors,,,,,,,,
,,,309,,,,,,,,535504,geometry/pose_raw,,7.860506534576416,1.5219860076904297,36.691829681396484,8.219833374023438,0.1635616272687912,0.0,-0.7727121114730835
,,,310,,,,,,,,535514,geometry/pose_raw,,7.869693756103516,1.523419737815857,36.77043151855469,8.235291481018066,0.16291144490242004,0.0,-0.7742359638214111
,,,311,,,,,,,,535524,geometry/pose_raw,,7.879025459289551,1.5245659351348877,36.84912872314453,8.250762939453125,0.1630222052335739,0.0,-0.775761604309082
,,,312,,,,,,,,535535,geometry/pose_raw,,7.888249397277832,1.5256147384643555,36.92791748046875,8.26624584197998,0.16284029185771942,0.0,-0.7772884964942932
,,,313,,,,,,,,535545,geometry/pose_raw,,7.897540092468262,1.5266714096069336,37.006797790527344,8.281739234924316,0.163169726729393,0.0,-0.7788156867027283
,,,314,,,,,,,,535555,geometry/pose_raw,,7.906925678253174,1.5277564525604248,37.08577346801758,8.29724407196045,0.16360944509506226,0.0,-0.7803429961204529
,,,315,,,,,,,,535564,geometry/pose_raw,,7.916149139404297,1.5289762020111084,37.16484069824219,8.312761306762695,0.1632857620716095,0.0,-0.7818723320960999
,,,316,,,,,,,,535574,geometry/pose_raw,,7.925177574157715,1.5301978588104248,37.24399948120117,8.328289985656738,0.16297106444835663,0.0,-0.7834043502807617
,,,317,,,,,,,,535584,geometry/pose_raw,,7.934330940246582,1.5316250324249268,37.32324981689453,8.343832015991211,0.16227909922599792,0.0,-0.7849376201629639
,,,318,,,,,,,,535594,geometry/pose_raw,,7.943679332733154,1.5329432487487793,37.402591705322266,8.359387397766113,0.16245435178279877,0.0,-0.7864716649055481
,,,319,,[0. 0. 0. 0.],[0. 0. 0. 0.],,,,,535600,crazyflie/motors,,,,,,,,
,,,320,,,,,,,,535604,geometry/pose_raw,,7.953079700469971,1.5340571403503418,37.48202896118164,8.374956130981445,0.1629159152507782,0.0,-0.7880071997642517
,,,321,,,,,,,,535614,geometry/pose_raw,,7.962563991546631,1.535311222076416,37.561561584472656,8.39053726196289,0.16285894811153412,0.0,-0.7895458340644836
,,,322,,,,,,,,535625,geometry/pose_raw,,7.972021102905273,1.5367377996444702,37.64118576049805,8.40613079071045,0.1620670109987259,0.0,-0.7910875082015991
,,,323,,,,,,,,535634,geometry/pose_raw,,7.981306076049805,1.5380380153656006,37.72090530395508,8.421737670898438,0.16211898624897003,0.0,-0.7926304936408997
,,,324,,,,,,,,535644,geometry/pose_raw,,7.990530967712402,1.5392613410949707,37.800716400146484,8.437357902526855,0.16202938556671143,0.0,-0.794174313545227
,,,325,,,,,,,,535654,geometry/pose_raw,,7.999752044677734,1.540509819984436,37.880619049072266,8.45298957824707,0.1611124873161316,0.0,-0.7957189679145813
,,,326,,,,,,,,535664,geometry/pose_raw,,8.009004592895508,1.541602373123169,37.96061706542969,8.468633651733398,0.16158527135849,0.0,-0.7972645163536072
,,,327,,,,,,,,535674,geometry/pose_raw,,8.018523216247559,1.5428563356399536,38.040706634521484,8.48429012298584,0.16165980696678162,0.0,-0.7988115549087524
,,,328,,,,,,,,535684,geometry/pose_raw,,8.027899742126465,1.5441887378692627,38.12089157104492,8.499958992004395,0.16088123619556427,0.0,-0.8003602623939514
,,,329,,,,,,,,535694,geometry/pose_raw,,8.037093162536621,1.5455416440963745,38.201168060302734,8.515641212463379,0.16066524386405945,0.0,-0.8019087314605713
,,,330,,[0. 0. 0. 0.],[0. 0. 0. 0.],,,,,535698,crazyflie/motors,,,,,,,,
,,,331,,,,,,,,535705,geometry/pose_raw,,8.046368598937988,1.5468236207962036,38.28153991699219,8.531336784362793,0.1611865907907486,0.0,-0.8034554719924927
,,,332,,,,,,,,535714,geometry/pose_raw,,8.05570125579834,1.548078179359436,38.362003326416016,8.54704475402832,0.16036204993724823,0.0,-0.805001437664032
,,,333,,,,,,,,535725,geometry/pose_raw,,8.065077781677246,1.5491560697555542,38.442562103271484,8.562765121459961,0.16127744317054749,0.0,-0.8065478801727295
,,,334,,,,,,,,535734,geometry/pose_raw,,8.074441909790039,1.5504344701766968,38.52321243286133,8.578497886657715,0.16066528856754303,0.0,-0.8080953359603882
,,,335,,,,,,,,535744,geometry/pose_raw,,8.084006309509277,1.5514845848083496,38.60395812988281,8.594243049621582,0.16199320554733276,0.0,-0.8096441626548767
,,,336,,,,,,,,535754,geometry/pose_raw,,8.093473434448242,1.552832007408142,38.68479919433594,8.610000610351562,0.16069316864013672,0.0,-0.8111941814422607
,,,337,,,,,,,,535765,geometry/pose_raw,,8.102862358093262,1.5539252758026123,38.7657356262207,8.62576961517334,0.16129592061042786,0.0,-0.8127453327178955
,,,338,,,,,,,,535774,geometry/pose_raw,,8.11217212677002,1.555267095565796,38.846763610839844,8.64155101776123,0.16003729403018951,0.0,-0.8142977952957153
,,,339,,,,,,,,535785,geometry/pose_raw,,8.121528625488281,1.55636727809906,38.927886962890625,8.657343864440918,0.16087715327739716,0.0,-0.8158511519432068
,,,340,,,,,,,,535795,geometry/pose_raw,,8.130888938903809,1.5576906204223633,39.00910186767578,8.673149108886719,0.15968789160251617,0.0,-0.817405641078949
,,,341,,,,,,,,535797,crazyflie/status,3.85337233543396,,,,,,,
,,,342,,[0. 0. 0. 0.],[0. 0. 0. 0.],,,,,535800,crazyflie/motors,,,,,,,,
,,,343,,,,,,,,535805,geometry/pose_raw,,8.140241622924805,1.5589299201965332,39.09041213989258,8.688966751098633,0.15929311513900757,0.0,-0.8189611434936523
,,,344,,,,,,,,535815,geometry/pose_raw,,8.149523735046387,1.5601329803466797,39.17181396484375,8.70479679107666,0.16004988551139832,0.0,-0.8205170631408691
,,,345,,,,,,,,535824,geometry/pose_raw,,8.158706665039062,1.5616328716278076,39.25331115722656,8.720640182495117,0.15923763811588287,0.0,-0.822073757648468
,,,346,,,,,,,,535834,geometry/pose_raw,,8.168045997619629,1.5629316568374634,39.33489990234375,8.73649787902832,0.159633606672287,0.0,-0.8236315250396729
,,,347,,,,,,,,535844,geometry/pose_raw,,8.177248001098633,1.564160943031311,39.41658020019531,8.752367973327637,0.15844887495040894,0.0,-0.8251901865005493
,,,348,,,,,,,,535854,geometry/pose_raw,,8.186649322509766,1.5652036666870117,39.498355865478516,8.76824951171875,0.15887868404388428,0.0,-0.8267497420310974
,,,349,,,,,,,,535864,geometry/pose_raw,,8.196166038513184,1.5666612386703491,39.580223083496094,8.78414249420166,0.15733033418655396,0.0,-0.8283094763755798
,,,350,,,,,,,,535873,geometry/pose_raw,,8.20559310913086,1.5680369138717651,39.66218566894531,8.800048828125,0.15677335858345032,0.0,-0.8298693299293518
,,,351,,,,,,,,535885,geometry/pose_raw,,8.214947700500488,1.569283127784729,39.74424362182617,8.815967559814453,0.1569184511899948,0.0,-0.8314303755760193
,,,352,,,,,,,,535894,geometry/pose_raw,,8.224175453186035,1.5705289840698242,39.826393127441406,8.831899642944336,0.1568216234445572,0.0,-0.8329918384552002
,,,353,,[0. 0. 0. 0.],[0. 0. 0. 0.],,,,,535897,crazyflie/motors,,,,,,,,
,,,354,,,,,,,,535903,geometry/pose_raw,,8.233616828918457,1.5719760656356812,39.90863800048828,8.847845077514648,0.15621687471866608,0.0,-0.8345533609390259
,,,355,,,,,,,,535915,geometry/pose_raw,,8.242981910705566,1.5732214450836182,39.9909782409668,8.863802909851074,0.15551689267158508,0.0,-0.8361169099807739
,,,356,,,,,,,,535925,geometry/pose_raw,,8.252359390258789,1.5740995407104492,40.07341003417969,8.879772186279297,0.1563359498977661,0.0,-0.8376837372779846
,,,357,,,,,,,,535933,geometry/pose_raw,,8.261675834655762,1.575338363647461,40.15593719482422,8.895751953125,0.15519507229328156,0.0,-0.8392530679702759
,,,358,,,,,,,,535945,geometry/pose_raw,,8.271098136901855,1.5767014026641846,40.238555908203125,8.911744117736816,0.15537238121032715,0.0,-0.8408238291740417
,,,359,,,,,,,,535954,geometry/pose_raw,,8.280379295349121,1.5780020952224731,40.32126998901367,8.927749633789062,0.15527024865150452,0.0,-0.8423947095870972
,,,360,,,,,,,,535963,geometry/pose_raw,,8.289753913879395,1.5789705514907837,40.404075622558594,8.943767547607422,0.1567845493555069,0.0,-0.8439645767211914
,,,361,,,,,,,,535976,geometry/pose_raw,,8.299384117126465,1.5803349018096924,40.486976623535156,8.959798812866211,0.15691429376602173,0.0,-0.8455347418785095
,,,362,,,,,,,,535984,geometry/pose_raw,,8.308902740478516,1.5815895795822144,40.56997299194336,8.97584342956543,0.15663613379001617,0.0,-0.8471072316169739
549282,"[2500 2562 2625 2687 2750 2812 2875 2937 3000 3062 3125 3187 3250 3312
 3375 3437 3562 3625 3687 3750 3812 3875 3937 4000 4062 4125 4187 4250
 4312 4375 4437 4500]",64000,363,[ 0.      0.0607 -0.0607  0.      0.     -0.0607  0.0607  0.    ],,,32,4,"[-0.37823194 -1.1556401  -0.3299471  -0.6748439   3.1712053  -1.0008672
  3.818931   -1.8869901   1.024359   -0.26046714 -1.600841    1.4096233
  1.1411152  -0.18249945  1.3271753  -0.8701062   1.5756334  -1.6760578
 -1.3395793  -0.0438786   1.0202186  -0.72992396  2.2106197  -0.0609884
  2.6026318   1.814629    2.347317    1.751899   -0.94687116 -1.5729194
  0.55939126 -1.3160326  -2.3823285  -0.43057805  0.1739306  -1.5945733
  1.443001    0.01696923  2.325858   -0.25322834  1.8324327  -1.1433939
 -2.0640297   2.0967174   0.8887938   0.13519245  1.6749345  -1.7944393
  1.5263346   0.41019452  0.192372    1.4895941   1.4757804  -1.1536874
  1.5796458   1.1375029   1.344861    0.08704019  3.2558634   1.9857581
 -1.2210827  -2.0477424   1.0475025  -1.2389405  -0.53638387 -1.311551
  0.20660034 -0.2588216   2.7064896  -0.5498165   3.200972   -1.6227434
  0.7470578   0.01839623 -1.3566692   1.3203919   0.83923554 -0.12273756
  1.7047381  -1.0158484   1.4846032  -1.6294053  -1.582512   -0.6636826
  1.4917983  -1.6450626   2.1696014   0.681395    2.725058    1.282311
  3.393908    2.2695875  -0.68586284 -2.2183795   1.3238842  -1.063283
 -1.7969284  -0.5166793   0.44037005 -1.1244863   1.2452387   0.44447702
  1.8025216  -0.25962797  1.0268859  -0.8403263  -1.6020705   1.6276555
  0.5389688   0.39970723  2.1704633  -1.9207411   1.6612374  -1.3880773
 -0.12979788  2.0701036   2.1758845  -1.3410037   1.2761304   0.8376981
  2.4872036  -0.39411104  3.6062388   2.9782953  -1.542535   -2.0364668
  1.4400479  -1.1388909 ]","[ 1.9045155e-01  6.7463732e-01 -1.5623369e+00 -9.0457547e-01
 -6.6169143e-02 -3.5787902e+00 -1.2506962e-02 -3.2685623e+00
 -2.9867730e+00  2.8511624e+00  2.3869448e+00 -2.2693853e+00
 -1.6489192e+00  2.0156624e+00  1.5169706e+00  1.8431818e+00
  2.1161046e+00 -6.9424963e-01 -1.0648719e+00  6.3861752e-01
 -1.4441000e-01  1.8739529e+00 -7.5716954e-01  1.7082746e+00
 -5.9987777e-01  2.6989202e+00 -8.9728463e-01 -2.7417400e+00
  1.9139936e+00  7.5468755e-01 -1.3439218e+00 -1.5491667e-01
 -1.7440554e-01  2.8810441e-01 -6.8264985e-01 -2.1586404e+00
  2.8336164e-01 -2.2070217e+00  9.2736369e-01 -2.6414630e+00
 -1.8029619e+00  1.9063754e+00  1.1998229e+00 -9.1891670e-01
 -2.2653384e+00  2.2806602e+00  1.0986799e+00  1.1674101e+00
  7.8184366e-01 -2.7505109e+00 -8.1726551e-01  7.2880805e-01
 -9.2643845e-01  8.2882875e-01  7.1370596e-01  2.1149654e+00
  9.4587064e-01  2.0084052e+00 -1.3958482e+00 -1.2849689e+00
  2.4806242e+00  5.6234622e-01 -1.3281491e+00 -4.9491519e-01
 -5.7957537e-02  5.2615893e-01 -1.3880174e+00 -9.8093224e-01
  1.7423522e-01 -3.3045821e+00  2.5979540e-01 -2.7093005e+00
 -3.1897984e+00  3.0673966e+00  1.5491524e+00 -2.0548296e+00
 -2.0070777e+00  2.3153534e+00  1.4003563e+00  2.2180772e+00
  1.3545351e+00 -9.8173189e-01 -8.9832211e-01  1.6047287e+00
  3.6796808e-02  1.7235744e+00  1.9716305e-01  1.8401961e+00
 -6.8393230e-02  3.0897174e+00 -3.6702728e-01 -1.8633916e+00
  2.4056120e+00  4.2358357e-01 -1.4668455e+00 -7.7440977e-01
  1.4871806e-03  6.0592622e-02 -5.7361507e-01 -2.0030966e+00
  6.4961088e-01 -1.5632445e+00  7.5852168e-01 -2.1155953e+00
 -1.4682958e+00  1.8527651e+00  2.3743913e+00 -1.1347417e+00
 -2.4539297e+00  2.4619992e+00  1.0916299e+00  1.2666222e+00
  1.1141045e+00 -2.1467917e+00 -3.1503758e+00  1.0690192e+00
 -6.5450788e-01  5.2462929e-01  7.2409195e-01  2.0206492e+00
  1.1284575e+00  3.3676341e+00 -3.6266237e-01 -9.4329715e-01
  2.2731566e+00  2.6764643e-01 -9.0651369e-01 -1.1054093e+00]",535989,audio/signals_f,,,,,,,,
,,,364,,,,,,,,535994,geometry/pose_raw,,8.318225860595703,1.5828336477279663,40.6530647277832,8.991900444030762,0.15566323697566986,0.0,-0.8486817479133606
,,,365,,[0. 0. 0. 0.],[0. 0. 0. 0.],,,,,535998,crazyflie/motors,,,,,,,,
,,,366,,,,,,,,536004,geometry/pose_raw,,8.327707290649414,1.584046721458435,40.73625183105469,9.007969856262207,0.15631547570228577,0.0,-0.8502572774887085
,,,367,,,,,,,,536013,geometry/pose_raw,,8.337191581726074,1.5852491855621338,40.81953048706055,9.024052619934082,0.15714776515960693,0.0,-0.8518333435058594
,,,368,,,,,,,,536024,geometry/pose_raw,,8.346516609191895,1.5863721370697021,40.90290451049805,9.040148735046387,0.1584499478340149,0.0,-0.8534090518951416
,,,369,,,,,,,,536034,geometry/pose_raw,,8.3558931350708,1.5875972509384155,40.98637008666992,9.056258201599121,0.1591835469007492,0.0,-0.8549836874008179
,,,370,,,,,,,,536044,geometry/pose_raw,,8.36530590057373,1.5888110399246216,41.06993103027344,9.072381019592285,0.15926402807235718,0.0,-0.8565571308135986
,,,371,,,,,,,,536055,geometry/pose_raw,,8.37463092803955,1.5897754430770874,41.153587341308594,9.088515281677246,0.159929096698761,0.0,-0.8581290245056152
,,,372,,,,,,,,536065,geometry/pose_raw,,8.383756637573242,1.5911102294921875,41.237335205078125,9.104660987854004,0.15865382552146912,0.0,-0.8597005009651184
,,,373,,,,,,,,536074,geometry/pose_raw,,8.393210411071777,1.592067837715149,41.32117462158203,9.120818138122559,0.16040489077568054,0.0,-0.8612729907035828
,,,374,,,,,,,,536085,geometry/pose_raw,,8.402678489685059,1.5934439897537231,41.40510940551758,9.136987686157227,0.1593923270702362,0.0,-0.8628453612327576
,,,375,,,,,,,,536095,geometry/pose_raw,,8.412050247192383,1.5946640968322754,41.489139556884766,9.153170585632324,0.15961430966854095,0.0,-0.864416778087616
,,,376,,[0. 0. 0. 0.],[0. 0. 0. 0.],,,,,536098,crazyflie/motors,,,,,,,,
,,,377,,,,,,,,536104,geometry/pose_raw,,8.421591758728027,1.5957307815551758,41.57326126098633,9.169365882873535,0.1608692705631256,0.0,-0.8659880757331848
,,,378,,,,,,,,536114,geometry/pose_raw,,8.430980682373047,1.5970085859298706,41.65747833251953,9.18557357788086,0.15970160067081451,0.0,-0.8675598502159119
,,,379,,,,,,,,536124,geometry/pose_raw,,8.440299987792969,1.598120927810669,41.741790771484375,9.201791763305664,0.15948352217674255,0.0,-0.8691323399543762
,,,380,,,,,,,,536135,geometry/pose_raw,,8.449711799621582,1.5992259979248047,41.826194763183594,9.218021392822266,0.15907084941864014,0.0,-0.8707054853439331
,,,381,,,,,,,,536144,geometry/pose_raw,,8.459297180175781,1.600139856338501,41.91069412231445,9.234261512756348,0.16059204936027527,0.0,-0.8722796440124512
,,,382,,,,,,,,536155,geometry/pose_raw,,8.468689918518066,1.6015294790267944,41.99528884887695,9.25051498413086,0.16029860079288483,0.0,-0.8738547563552856
,,,383,,,,,,,,536164,geometry/pose_raw,,8.477925300598145,1.602766513824463,42.079978942871094,9.266780853271484,0.16001205146312714,0.0,-0.8754304051399231
,,,384,,,,,,,,536174,geometry/pose_raw,,8.48717212677002,1.6039894819259644,42.16476058959961,9.283059120178223,0.15973012149333954,0.0,-0.8770067691802979
,,,385,,,,,,,,536185,geometry/pose_raw,,8.49655818939209,1.6050177812576294,42.2496337890625,9.299348831176758,0.16013838350772858,0.0,-0.878583550453186
,,,386,,,,,,,,536194,geometry/pose_raw,,8.506009101867676,1.6060056686401367,42.33460235595703,9.31564998626709,0.1611253023147583,0.0,-0.880160927772522
,,,387,,[0. 0. 0. 0.],[0. 0. 0. 0.],,,,,536199,crazyflie/motors,,,,,,,,
,,,388,,,,,,,,536204,geometry/pose_raw,,8.515594482421875,1.607185959815979,42.4196662902832,9.331963539123535,0.16131560504436493,0.0,-0.8817399740219116
,,,389,,,,,,,,536214,geometry/pose_raw,,8.52511978149414,1.6082329750061035,42.504825592041016,9.348289489746094,0.1625237762928009,0.0,-0.8833214044570923
,,,390,,,,,,,,536224,geometry/pose_raw,,8.53453540802002,1.609716534614563,42.59008026123047,9.364628791809082,0.1612936556339264,0.0,-0.8849047422409058
,,,391,,,,,,,,536234,geometry/pose_raw,,8.544116020202637,1.6108616590499878,42.67543029785156,9.380980491638184,0.16163845360279083,0.0,-0.8864890933036804
,,,392,,,,,,,,536244,geometry/pose_raw,,8.553574562072754,1.6120532751083374,42.7608757019043,9.397344589233398,0.16154876351356506,0.0,-0.8880735039710999
,,,393,,,,,,,,536255,geometry/pose_raw,,8.563072204589844,1.6132878065109253,42.84641647338867,9.413721084594727,0.16188810765743256,0.0,-0.889657199382782
,,,394,,,,,,,,536264,geometry/pose_raw,,8.572436332702637,1.6145029067993164,42.93204879760742,9.430109977722168,0.1621357500553131,0.0,-0.8912404179573059
,,,395,,,,,,,,536275,geometry/pose_raw,,8.581782341003418,1.6153581142425537,43.01777648925781,9.446512222290039,0.16460351645946503,0.0,-0.8928235769271851
,,,396,,,,,,,,536285,geometry/pose_raw,,8.591320991516113,1.6166908740997314,43.10359573364258,9.462926864624023,0.16399897634983063,0.0,-0.894406795501709
,,,397,,,,,,,,536295,geometry/pose_raw,,8.600958824157715,1.6178752183914185,43.18951416015625,9.479353904724121,0.16429202258586884,0.0,-0.8959900736808777
,,,398,,[0. 0. 0. 0.],[0. 0. 0. 0.],,,,,536299,crazyflie/motors,,,,,,,,
,,,399,,,,,,,,536305,geometry/pose_raw,,8.610546112060547,1.6192303895950317,43.27552795410156,9.495794296264648,0.16416853666305542,0.0,-0.8975728750228882
,,,400,,,,,,,,536315,geometry/pose_raw,,8.620036125183105,1.6204124689102173,43.361637115478516,9.512248039245605,0.16433437168598175,0.0,-0.8991560339927673
,,,401,,,,,,,,536324,geometry/pose_raw,,8.629679679870605,1.6213585138320923,43.44784164428711,9.52871322631836,0.1650267392396927,0.0,-0.9007420539855957
,,,402,,,,,,,,536334,geometry/pose_raw,,8.639144897460938,1.6226263046264648,43.534141540527344,9.545188903808594,0.16386069357395172,0.0,-0.9023309350013733
,,,403,,,,,,,,536344,geometry/pose_raw,,8.64863109588623,1.6237051486968994,43.62053680419922,9.561676025390625,0.16394548118114471,0.0,-0.9039218425750732
,,,404,,,,,,,,536354,geometry/pose_raw,,8.657964706420898,1.6249748468399048,43.70702362060547,9.57817554473877,0.16397444903850555,0.0,-0.9055144786834717
,,,405,,,,,,,,536364,geometry/pose_raw,,8.66724681854248,1.6261898279190063,43.79360580444336,9.594687461853027,0.1638471782207489,0.0,-0.9071080684661865
,,,406,,,,,,,,536375,geometry/pose_raw,,8.676715850830078,1.627322793006897,43.880279541015625,9.611211776733398,0.1643231213092804,0.0,-0.9087018966674805
,,,407,,,,,,,,536384,geometry/pose_raw,,8.686372756958008,1.6282964944839478,43.96704864501953,9.627747535705566,0.16524074971675873,0.0,-0.9102948904037476
,,,408,,,,,,,,536394,geometry/pose_raw,,8.695952415466309,1.629340410232544,44.053916931152344,9.644294738769531,0.1659877598285675,0.0,-0.9118877053260803
,,,409,,[0. 0. 0. 0.],[0. 0. 0. 0.],,,,,536399,crazyflie/motors,,,,,,,,
,,,410,,,,,,,,536405,geometry/pose_raw,,8.70549488067627,1.630411148071289,44.1408805847168,9.66085433959961,0.16628138720989227,0.0,-0.9134804606437683
,,,411,,,,,,,,536414,geometry/pose_raw,,8.715171813964844,1.6316105127334595,44.22793960571289,9.6774263381958,0.16698318719863892,0.0,-0.9150733351707458
,,,412,,,,,,,,536425,geometry/pose_raw,,8.724806785583496,1.6331167221069336,44.315093994140625,9.694011688232422,0.16592296957969666,0.0,-0.9166679382324219
,,,413,,,,,,,,536435,geometry/pose_raw,,8.734308242797852,1.6341016292572021,44.40234375,9.710609436035156,0.16658835113048553,0.0,-0.9182643294334412
,,,414,,,,,,,,536443,geometry/pose_raw,,8.74394416809082,1.6352753639221191,44.489688873291016,9.727218627929688,0.166343554854393,0.0,-0.9198620319366455
,,,415,,,,,,,,536455,geometry/pose_raw,,8.753565788269043,1.636443018913269,44.57713317871094,9.743839263916016,0.16628368198871613,0.0,-0.9214606881141663
,,,416,,,,,,,,536464,geometry/pose_raw,,8.76311206817627,1.6374698877334595,44.6646728515625,9.76047134399414,0.16619426012039185,0.0,-0.9230592846870422
,,,417,,,,,,,,536474,geometry/pose_raw,,8.772575378417969,1.6385105848312378,44.7523078918457,9.777113914489746,0.16649813950061798,0.0,-0.9246578216552734
,,,418,,,,,,,,536483,geometry/pose_raw,,8.78212833404541,1.6397119760513306,44.84003829956055,9.793767929077148,0.16622403264045715,0.0,-0.9262561798095703
,,,419,,,,,,,,536495,geometry/pose_raw,,8.79165267944336,1.6408153772354126,44.92786407470703,9.810434341430664,0.1665652096271515,0.0,-0.9278540015220642
,,,420,,[0. 0. 0. 0.],[0. 0. 0. 0.],,,,,536499,crazyflie/motors,,,,,,,,
,,,421,,,,,,,,536505,geometry/pose_raw,,8.801238059997559,1.6419923305511475,45.015785217285156,9.827112197875977,0.1666497439146042,0.0,-0.9294523000717163
,,,422,,,,,,,,536514,geometry/pose_raw,,8.81082534790039,1.6431976556777954,45.10380172729492,9.843802452087402,0.16738300025463104,0.0,-0.9310529232025146
,,,423,,,,,,,,536524,geometry/pose_raw,,8.820420265197754,1.6444900035858154,45.19191360473633,9.860507011413574,0.16746081411838531,0.0,-0.932655394077301
,,,424,,,,,,,,536535,geometry/pose_raw,,8.8297758102417,1.6458712816238403,45.280120849609375,9.87722396850586,0.16670304536819458,0.0,-0.9342578649520874
,,,425,,,,,,,,536543,geometry/pose_raw,,8.839144706726074,1.6469091176986694,45.3684196472168,9.893954277038574,0.1678667664527893,0.0,-0.9358606934547424
,,,426,,,,,,,,536554,geometry/pose_raw,,8.8486909866333,1.6481279134750366,45.45681381225586,9.910696983337402,0.1684017777442932,0.0,-0.9374642968177795
,,,427,,,,,,,,536563,geometry/pose_raw,,8.858345985412598,1.649472713470459,45.54530334472656,9.92745304107666,0.16796928644180298,0.0,-0.9390684366226196
,,,428,,,,,,,,536574,geometry/pose_raw,,8.867939949035645,1.6507701873779297,45.63389205932617,9.944221496582031,0.1673857867717743,0.0,-0.9406734108924866
,,,429,,,,,,,,536584,geometry/pose_raw,,8.87763500213623,1.6518033742904663,45.72257614135742,9.961002349853516,0.16828769445419312,0.0,-0.942279040813446
,,,430,,,,,,,,536594,geometry/pose_raw,,8.887198448181152,1.653299331665039,45.81135559082031,9.977795600891113,0.16716089844703674,0.0,-0.943884551525116
,,,431,,[0. 0. 0. 0.],[0. 0. 0. 0.],,,,,536598,crazyflie/motors,,,,,,,,
,,,432,,,,,,,,536604,geometry/pose_raw,,8.896618843078613,1.654560923576355,45.900230407714844,9.994603157043457,0.1680571734905243,0.0,-0.945491373538971
,,,433,,,,,,,,536615,geometry/pose_raw,,8.907071113586426,1.6559377908706665,45.99810028076172,10.013106346130371,0.16763880848884583,0.0,-0.9472616910934448
,,,434,,,,,,,,536624,geometry/pose_raw,,8.916627883911133,1.6569308042526245,46.08717346191406,10.029940605163574,0.1685703694820404,0.0,-0.9488720893859863
,,,435,,,,,,,,536635,geometry/pose_raw,,8.926061630249023,1.6581147909164429,46.17634201049805,10.04678726196289,0.16916397213935852,0.0,-0.9504824876785278
,,,436,,,,,,,,536644,geometry/pose_raw,,8.93533706665039,1.6594641208648682,46.26560592651367,10.06364631652832,0.16878855228424072,0.0,-0.9520933628082275
,,,437,,,,,,,,536654,geometry/pose_raw,,8.944779396057129,1.6606433391571045,46.35496139526367,10.08051872253418,0.16918957233428955,0.0,-0.9537051320075989
,,,438,,,,,,,,536663,geometry/pose_raw,,8.954370498657227,1.66167414188385,46.44441223144531,10.097403526306152,0.17048345506191254,0.0,-0.9553173780441284
,,,439,,,,,,,,536673,geometry/pose_raw,,8.963882446289062,1.662892460823059,46.533958435058594,10.114301681518555,0.17125403881072998,0.0,-0.9569291472434998
,,,440,,,,,,,,536683,geometry/pose_raw,,8.973429679870605,1.6640464067459106,46.623600006103516,10.131213188171387,0.17165134847164154,0.0,-0.9585409760475159
,,,441,,,,,,,,536693,geometry/pose_raw,,8.983118057250977,1.6652681827545166,46.71333694458008,10.148136138916016,0.17132051289081573,0.0,-0.9601536989212036
,,,442,,[0. 0. 0. 0.],[0. 0. 0. 0.],,,,,536699,crazyflie/motors,,,,,,,,
,,,443,,,,,,,,536704,geometry/pose_raw,,8.992712020874023,1.666406512260437,46.80317306518555,10.165071487426758,0.1715489774942398,0.0,-0.9617667198181152
,,,444,,,,,,,,536714,geometry/pose_raw,,9.002254486083984,1.6675487756729126,46.893104553222656,10.182019233703613,0.1716473251581192,0.0,-0.9633796811103821
,,,445,,,,,,,,536724,geometry/pose_raw,,9.011733055114746,1.668760061264038,46.983131408691406,10.198979377746582,0.17189179360866547,0.0,-0.9649935960769653
,,,446,,,,,,,,536734,geometry/pose_raw,,9.021279335021973,1.6700730323791504,47.07324981689453,10.21595287322998,0.1726103127002716,0.0,-0.9666087627410889
,,,447,,,,,,,,536743,geometry/pose_raw,,9.030889511108398,1.6714540719985962,47.16346740722656,10.232940673828125,0.1727159470319748,0.0,-0.9682251811027527
,,,448,,,,,,,,536754,geometry/pose_raw,,9.040461540222168,1.6727700233459473,47.253780364990234,10.2499418258667,0.17182715237140656,0.0,-0.9698424935340881
,,,449,,,,,,,,536764,geometry/pose_raw,,9.050207138061523,1.6739404201507568,47.34418869018555,10.26695442199707,0.17106790840625763,0.0,-0.9714601635932922
,,,450,,,,,,,,536774,geometry/pose_raw,,9.05984115600586,1.6749202013015747,47.434696197509766,10.283977508544922,0.17198342084884644,0.0,-0.9730788469314575
,,,451,,,,,,,,536783,geometry/pose_raw,,9.069512367248535,1.6760202646255493,47.525299072265625,10.301012992858887,0.17242728173732758,0.0,-0.9746995568275452
,,,452,,,,,,,,536793,geometry/pose_raw,,9.0791597366333,1.6772178411483765,47.615997314453125,10.318059921264648,0.1722010225057602,0.0,-0.9763226509094238
,,,453,,,,,,,,536795,crazyflie/status,3.85337233543396,,,,,,,
,,,454,,[0. 0. 0. 0.],[0. 0. 0. 0.],,,,,536798,crazyflie/motors,,,,,,,,
,,,455,,,,,,,,536804,geometry/pose_raw,,9.088781356811523,1.6784673929214478,47.706790924072266,10.335119247436523,0.1721290498971939,0.0,-0.9779475331306458
,,,456,,,,,,,,536812,geometry/pose_raw,,9.098310470581055,1.6796687841415405,47.79767990112305,10.352191925048828,0.17268076539039612,0.0,-0.979573667049408
,,,457,,,,,,,,536823,geometry/pose_raw,,9.107836723327637,1.6811563968658447,47.88866424560547,10.369277954101562,0.17204107344150543,0.0,-0.9812008142471313
,,,458,,,,,,,,536833,geometry/pose_raw,,9.11728572845459,1.6826972961425781,47.97974395751953,10.386378288269043,0.1707645058631897,0.0,-0.9828285574913025
,,,459,,,,,,,,536844,geometry/pose_raw,,9.126879692077637,1.6838130950927734,48.070919036865234,10.403491973876953,0.17132629454135895,0.0,-0.9844566583633423
,,,460,,,,,,,,536853,geometry/pose_raw,,9.136431694030762,1.6852186918258667,48.16218948364258,10.420618057250977,0.17112617194652557,0.0,-0.9860855937004089
,,,461,,,,,,,,536863,geometry/pose_raw,,9.14584732055664,1.6863807439804077,48.25355529785156,10.437758445739746,0.17244108021259308,0.0,-0.9877150058746338
,,,462,,,,,,,,536874,geometry/pose_raw,,9.155145645141602,1.6877217292785645,48.34501647949219,10.454913139343262,0.17237022519111633,0.0,-0.9893441200256348
,,,463,,,,,,,,536882,geometry/pose_raw,,9.164716720581055,1.6890133619308472,48.43656921386719,10.472081184387207,0.1725274622440338,0.0,-0.9909736514091492
,,,464,,,,,,,,536893,geometry/pose_raw,,9.174150466918945,1.6901649236679077,48.52821731567383,10.489262580871582,0.17308224737644196,0.0,-0.9926042556762695
,,,465,,[0. 0. 0. 0.],[0. 0. 0. 0.],,,,,536897,crazyflie/motors,,,,,,,,
,,,466,,,,,,,,536902,geometry/pose_raw,,9.183426856994629,1.6911906003952026,48.61996078491211,10.506455421447754,0.17355278134346008,0.0,-0.994236171245575
,,,467,,,,,,,,536913,geometry/pose_raw,,9.192870140075684,1.692305564880371,48.711795806884766,10.523659706115723,0.17384211719036102,0.0,-0.9958695769309998
,,,468,,,,,,,,536924,geometry/pose_raw,,9.202388763427734,1.693655014038086,48.80372619628906,10.540876388549805,0.17259572446346283,0.0,-0.997504472732544
,,,469,,,,,,,,536933,geometry/pose_raw,,9.212065696716309,1.6945977210998535,48.895751953125,10.558104515075684,0.17361223697662354,0.0,-0.9991407990455627
,,,470,,,,,,,,536943,geometry/pose_raw,,9.221704483032227,1.6957669258117676,48.987876892089844,10.57534408569336,0.17326515913009644,0.0,-1.0007777214050293
,,,471,,,,,,,,536953,geometry/pose_raw,,9.231348991394043,1.696825385093689,49.08009719848633,10.592594146728516,0.1730305403470993,0.0,-1.0024148225784302
,,,472,,,,,,,,536963,geometry/pose_raw,,9.241056442260742,1.697924256324768,49.17241287231445,10.609855651855469,0.17317134141921997,0.0,-1.0040518045425415
,,,473,,,,,,,,536973,geometry/pose_raw,,9.250648498535156,1.698957920074463,49.264827728271484,10.627128601074219,0.17369979619979858,0.0,-1.0056875944137573
,,,474,,,,,,,,536983,geometry/pose_raw,,9.260334968566895,1.6999975442886353,49.357337951660156,10.644412994384766,0.17427106201648712,0.0,-1.0073225498199463
,,,475,,,,,,,,536993,geometry/pose_raw,,9.269938468933105,1.7012581825256348,49.44994354248047,10.66170883178711,0.17290592193603516,0.0,-1.0089589357376099
,,,476,,[0. 0. 0. 0.],[0. 0. 0. 0.],,,,,536997,crazyflie/motors,,,,,,,,
,,,477,,,,,,,,537002,geometry/pose_raw,,9.27939224243164,1.7022464275360107,49.54264450073242,10.67901611328125,0.17390522360801697,0.0,-1.0105961561203003
,,,478,,,,,,,,537012,geometry/pose_raw,,9.289102554321289,1.7031528949737549,49.635440826416016,10.696334838867188,0.17554831504821777,0.0,-1.012233018875122
,,,479,,,,,,,,537023,geometry/pose_raw,,9.298870086669922,1.7046147584915161,49.728336334228516,10.713665962219238,0.1745549738407135,0.0,-1.0138704776763916
,,,480,,,,,,,,537032,geometry/pose_raw,,9.308521270751953,1.705852746963501,49.821327209472656,10.731010437011719,0.17482858896255493,0.0,-1.0155094861984253
,,,481,,,,,,,,537044,geometry/pose_raw,,9.318155288696289,1.7071003913879395,49.9144172668457,10.748367309570312,0.1741837114095688,0.0,-1.0171493291854858
,,,482,,,,,,,,537053,geometry/pose_raw,,9.327898979187012,1.7082642316818237,50.00760269165039,10.76573657989502,0.17417551577091217,0.0,-1.0187896490097046
,,,483,,,,,,,,537064,geometry/pose_raw,,9.337611198425293,1.7093771696090698,50.100887298583984,10.783117294311523,0.17452964186668396,0.0,-1.0204308032989502
,,,484,,,,,,,,537075,geometry/pose_raw,,9.347296714782715,1.7105886936187744,50.19426727294922,10.80051040649414,0.17462734878063202,0.0,-1.0220729112625122
,,,485,,,,,,,,537084,geometry/pose_raw,,9.356736183166504,1.711737036705017,50.287742614746094,10.817914962768555,0.17407335340976715,0.0,-1.0237152576446533
,,,486,,,,,,,,537094,geometry/pose_raw,,9.36629867553711,1.7128602266311646,50.38131332397461,10.835330963134766,0.17442399263381958,0.0,-1.025356650352478
,,,487,,[0. 0. 0. 0.],[0. 0. 0. 0.],,,,,537097,crazyflie/motors,,,,,,,,
,,,488,,,,,,,,537104,geometry/pose_raw,,9.375774383544922,1.714006781578064,50.474979400634766,10.85275936126709,0.17442500591278076,0.0,-1.0269969701766968
,,,489,,,,,,,,537113,geometry/pose_raw,,9.38535213470459,1.7151955366134644,50.56874084472656,10.870200157165527,0.1746491938829422,0.0,-1.028637170791626
,,,490,,,,,,,,537123,geometry/pose_raw,,9.39511489868164,1.7163610458374023,50.66259765625,10.887652397155762,0.17450258135795593,0.0,-1.0302784442901611
,,,491,,,,,,,,537133,geometry/pose_raw,,9.404577255249023,1.717501163482666,50.756553649902344,10.90511703491211,0.17494036257266998,0.0,-1.0319201946258545
,,,492,,,,,,,,537144,geometry/pose_raw,,9.41408920288086,1.7184871435165405,50.85060119628906,10.922593116760254,0.17577411234378815,0.0,-1.0335617065429688
,,,493,,,,,,,,537154,geometry/pose_raw,,9.423797607421875,1.7196801900863647,50.94474792480469,10.940081596374512,0.17556770145893097,0.0,-1.0352033376693726
,,,494,,,,,,,,537164,geometry/pose_raw,,9.43364429473877,1.720807671546936,51.03899002075195,10.957582473754883,0.1765310913324356,0.0,-1.0368444919586182
,,,495,,,,,,,,537176,geometry/pose_raw,,9.443445205688477,1.7218042612075806,51.133331298828125,10.975095748901367,0.17777706682682037,0.0,-1.0384846925735474
,,,496,,,,,,,,537184,geometry/pose_raw,,9.453042030334473,1.7231929302215576,51.22776794433594,10.992621421813965,0.17661313712596893,0.0,-1.040124773979187
,,,497,,,,,,,,537194,geometry/pose_raw,,9.462716102600098,1.7242628335952759,51.322303771972656,11.010159492492676,0.1776864230632782,0.0,-1.041764736175537
,,,498,,[0. 0. 0. 0.],[0. 0. 0. 0.],,,,,537199,crazyflie/motors,,,,,,,,
,,,499,,,,,,,,537205,geometry/pose_raw,,9.472399711608887,1.7254952192306519,51.416934967041016,11.0277099609375,0.17705614864826202,0.0,-1.043404221534729
,,,500,,,,,,,,537215,geometry/pose_raw,,9.481947898864746,1.7266845703125,51.511661529541016,11.045272827148438,0.1771744340658188,0.0,-1.0450434684753418
,,,501,,,,,,,,537225,geometry/pose_raw,,9.4915189743042,1.728166937828064,51.606483459472656,11.062849044799805,0.17659501731395721,0.0,-1.046683669090271
,,,502,,,,,,,,537236,geometry/pose_raw,,9.501106262207031,1.7295597791671753,51.7014045715332,11.080438613891602,0.1761651188135147,0.0,-1.048326015472412
,,,503,,,,,,,,537244,geometry/pose_raw,,9.51071834564209,1.730484127998352,51.79642105102539,11.098040580749512,0.17722836136817932,0.0,-1.0499697923660278
,,,504,,,,,,,,537254,geometry/pose_raw,,9.520482063293457,1.7315174341201782,51.89153289794922,11.115653991699219,0.17803561687469482,0.0,-1.0516153573989868
,,,505,,,,,,,,537266,geometry/pose_raw,,9.530250549316406,1.7326796054840088,51.98674392700195,11.133279800415039,0.17841790616512299,0.0,-1.053262710571289
550372,"[2500 2562 2625 2687 2750 2812 2875 2937 3000 3062 3125 3187 3250 3312
 3375 3437 3562 3625 3687 3750 3812 3875 3937 4000 4062 4125 4187 4250
 4312 4375 4437 4500]",64000,506,[ 0.      0.0607 -0.0607  0.      0.     -0.0607  0.0607  0.    ],,,32,4,"[ 1.80579913e+00  1.55691043e-01  3.64614755e-01  1.12099600e+00
 -2.16067767e+00  1.47341633e+00 -3.52006793e+00  3.44969058e+00
 -5.34426391e-01 -2.78072983e-01 -3.36553305e-01 -1.00337565e+00
  1.00916386e-01 -1.35881543e+00 -1.53645587e+00  7.66185641e-01
 -1.71292281e+00  1.77008271e+00  1.61663437e+00 -3.66523176e-01
 -7.02412963e-01 -5.14569759e-01 -1.71396565e+00 -8.59629869e-01
 -1.62247741e+00 -9.84014392e-01 -2.34456015e+00 -1.16680777e+00
 -1.10650790e+00  1.14427733e+00 -3.88836026e-01  1.24238157e+00
  2.41614997e-01  7.31530964e-01  1.10021329e+00  2.65160418e+00
 -1.20045447e+00  2.49185681e+00 -2.49844980e+00  1.80900478e+00
 -4.98357415e-02 -8.09012175e-01  7.06499815e-01 -5.54079354e-01
  6.17764354e-01 -3.74050319e-01 -1.84732509e+00  3.49151313e-01
 -1.91631794e+00  1.14690518e+00  4.64675963e-01 -1.66832983e+00
 -9.72701013e-01  4.54186797e-01 -1.99636638e+00 -2.06749725e+00
 -2.56836319e+00 -1.95529568e+00 -2.33374834e+00 -1.63259244e+00
 -3.45285833e-02  1.61068797e+00 -5.47487915e-01  1.27404761e+00
  1.29144597e+00  3.65209609e-01  6.95130676e-02  8.39591801e-01
 -2.01741314e+00  7.28332400e-01 -3.04399562e+00  2.93206835e+00
 -7.99268484e-04 -4.87369090e-01 -3.99866939e-01 -4.82979566e-01
  5.15413880e-01 -1.71866655e+00 -1.94911444e+00  8.73513162e-01
 -1.98190176e+00  1.85142815e+00  1.76666522e+00 -3.82502437e-01
 -1.45904732e+00  3.08064371e-01 -1.44318664e+00 -1.57122767e+00
 -2.78387642e+00 -1.13874233e+00 -3.07244992e+00 -2.20150495e+00
 -4.31690663e-01  1.81819427e+00 -9.02919292e-01  1.28554225e+00
  4.89247262e-01  9.60958838e-01  5.38222849e-01  2.19177842e+00
 -1.34292281e+00  1.95667553e+00 -1.97050977e+00  1.47252941e+00
  1.90443099e-01 -1.11953449e+00  5.65097094e-01 -4.79372144e-01
  1.04694843e+00 -4.52121645e-01 -2.32309961e+00  3.27597708e-01
 -1.69798183e+00  2.31161571e+00  1.90386474e+00 -2.34036708e+00
 -1.48618007e+00  7.85629034e-01 -2.15923953e+00 -1.78083885e+00
 -2.68735886e+00 -1.46410513e+00 -3.39910460e+00 -2.15266585e+00
  4.11459208e-01  1.77565360e+00 -1.28821826e+00  1.49131536e+00]","[-1.3871391e+00 -5.0177008e-01  6.1888623e-01  2.5400209e-01
  2.3568792e+00  1.6685363e+00  1.5075743e+00  1.4339694e+00
  2.4868927e+00 -2.1830280e+00 -2.8199921e+00  1.9906368e+00
  2.0123069e+00 -1.7755197e+00 -1.1560241e+00 -1.9384511e+00
  1.0283378e-01 -3.5393125e-01  4.4981569e-02 -5.4001653e-01
  1.5567327e+00 -1.9499292e+00  2.8624645e-01 -1.4500024e+00
 -1.2673531e-01 -1.7771997e+00  2.6221375e+00  2.0619540e+00
 -2.5099080e+00 -1.2887638e+00  1.6354864e+00 -3.9972568e-01
 -3.4807771e-01 -1.0966763e+00  1.2741001e+00  5.9886253e-01
  8.5116500e-01  2.7841513e+00  5.2204877e-02  1.9188318e+00
  3.1719112e+00 -2.8337851e+00 -2.2319484e+00  2.5715990e+00
  2.3616705e+00 -2.0492680e+00 -7.1606070e-01 -1.9050324e+00
 -1.8148962e+00  2.5171616e+00  8.0561352e-01  2.6885834e-01
  3.4883010e-01 -1.3619393e+00  1.1892288e+00 -1.1704853e+00
  9.2894864e-01 -2.5744004e+00  9.1256964e-01  2.8409562e+00
 -2.0858374e+00 -1.3228356e+00  1.3597407e+00 -4.6638444e-02
 -1.1983490e+00 -3.7090656e-01  7.3673588e-01  5.8461493e-01
  1.8525318e+00  1.4698138e+00  1.0214444e+00  1.1537292e+00
  1.8302976e+00 -2.0435932e+00 -2.7765641e+00  1.8909447e+00
  2.1246285e+00 -1.8036089e+00 -1.0139438e+00 -2.0788684e+00
 -1.3551658e-01 -8.6033404e-02 -2.3880449e-01 -1.6745579e+00
  1.7379820e+00 -2.3746228e+00  1.2158933e-01 -1.1900420e+00
  2.2059616e-01 -3.1725264e+00  1.8002179e+00  2.1976619e+00
 -2.4212270e+00 -1.2501292e+00  1.4281998e+00  2.9782033e-01
 -1.9771031e-01 -1.0206796e+00  1.3564456e+00  8.1686008e-01
  4.5785248e-01  2.7445543e+00  2.6536584e-03  1.5112313e+00
  3.2779565e+00 -2.9026632e+00 -1.9804764e+00  2.2971730e+00
  2.3072128e+00 -2.2040031e+00 -6.6876799e-01 -2.3659430e+00
 -1.0581820e+00  9.8199213e-01  2.4848704e+00  2.8607574e-01
  3.0658746e-01 -1.2307625e+00  2.2020596e-01 -1.2531307e+00
  4.1973609e-01 -3.0016599e+00  4.7148502e-01  1.9802544e+00
 -2.7201102e+00 -1.0504522e+00  1.4673406e+00  4.9333003e-01]",537268,audio/signals_f,,,,,,,,
,,,507,,,,,,,,537274,geometry/pose_raw,,9.5399169921875,1.7339986562728882,52.08205032348633,11.150918006896973,0.17766621708869934,0.0,-1.0549097061157227
,,,508,,,,,,,,537284,geometry/pose_raw,,9.549615859985352,1.735006332397461,52.17745590209961,11.168567657470703,0.17798888683319092,0.0,-1.0565557479858398
,,,509,,,,,,,,537295,geometry/pose_raw,,9.559416770935059,1.7359623908996582,52.27295684814453,11.18622875213623,0.17894183099269867,0.0,-1.0582019090652466
,,,510,,[0. 0. 0. 0.],[0. 0. 0. 0.],,,,,537298,crazyflie/motors,,,,,,,,
,,,511,,,,,,,,537305,geometry/pose_raw,,9.569231033325195,1.7370221614837646,52.36855697631836,11.203902244567871,0.1800994575023651,0.0,-1.0598490238189697
,,,512,,,,,,,,537314,geometry/pose_raw,,9.578935623168945,1.738282322883606,52.46425247192383,11.221588134765625,0.180284321308136,0.0,-1.061496615409851
,,,513,,,,,,,,537324,geometry/pose_raw,,9.588504791259766,1.7396645545959473,52.5600471496582,11.239288330078125,0.18005342781543732,0.0,-1.0631436109542847
,,,514,,,,,,,,537335,geometry/pose_raw,,9.59821605682373,1.7408075332641602,52.65593719482422,11.257000923156738,0.18073934316635132,0.0,-1.064789056777954
,,,515,,,,,,,,537343,geometry/pose_raw,,9.607991218566895,1.7419036626815796,52.751922607421875,11.274726867675781,0.18165802955627441,0.0,-1.0664339065551758
,,,516,,,,,,,,537354,geometry/pose_raw,,9.617551803588867,1.7429695129394531,52.84800720214844,11.292465209960938,0.182575061917305,0.0,-1.0680798292160034
,,,517,,,,,,,,537363,geometry/pose_raw,,9.62710189819336,1.7444050312042236,52.94418716430664,11.310215950012207,0.18141569197177887,0.0,-1.0697258710861206
,,,518,,,,,,,,537374,geometry/pose_raw,,9.636682510375977,1.7458304166793823,53.040462493896484,11.327980041503906,0.18068765103816986,0.0,-1.0713717937469482
,,,519,,,,,,,,537383,geometry/pose_raw,,9.646138191223145,1.7470324039459229,53.13683319091797,11.345757484436035,0.18076352775096893,0.0,-1.073018193244934
,,,520,,,,,,,,537393,geometry/pose_raw,,9.655691146850586,1.7483582496643066,53.233299255371094,11.363547325134277,0.18051062524318695,0.0,-1.074663519859314
,,,521,,[0. 0. 0. 0.],[0. 0. 0. 0.],,,,,537398,crazyflie/motors,,,,,,,,
,,,522,,,,,,,,537404,geometry/pose_raw,,9.665107727050781,1.749510645866394,53.32986068725586,11.381349563598633,0.1800338625907898,0.0,-1.0763072967529297
,,,523,,,,,,,,537414,geometry/pose_raw,,9.674599647521973,1.7506842613220215,53.426517486572266,11.399162292480469,0.1796690970659256,0.0,-1.0779507160186768
,,,524,,,,,,,,537423,geometry/pose_raw,,9.684325218200684,1.7517222166061401,53.52326965332031,11.416986465454102,0.1800287514925003,0.0,-1.0795942544937134
,,,525,,,,,,,,537433,geometry/pose_raw,,9.694082260131836,1.7526382207870483,53.6201171875,11.434822082519531,0.18110428750514984,0.0,-1.08123779296875
,,,526,,,,,,,,537443,geometry/pose_raw,,9.70383358001709,1.7538310289382935,53.717063903808594,11.452670097351074,0.18134500086307526,0.0,-1.0828804969787598
,,,527,,,,,,,,537453,geometry/pose_raw,,9.713460922241211,1.75508713722229,53.81410598754883,11.470529556274414,0.18043038249015808,0.0,-1.0845232009887695
,,,528,,,,,,,,537464,geometry/pose_raw,,9.723123550415039,1.7559449672698975,53.91124725341797,11.488399505615234,0.18104287981987,0.0,-1.0861670970916748
,,,529,,,,,,,,537473,geometry/pose_raw,,9.732735633850098,1.7573305368423462,54.00848388671875,11.506280899047852,0.17961591482162476,0.0,-1.0878114700317383
,,,530,,,,,,,,537483,geometry/pose_raw,,9.742410659790039,1.7587072849273682,54.10581588745117,11.524174690246582,0.17909260094165802,0.0,-1.0894559621810913
,,,531,,,,,,,,537494,geometry/pose_raw,,9.752116203308105,1.7596216201782227,54.2032470703125,11.542080879211426,0.18072926998138428,0.0,-1.091101884841919
,,,532,,[0. 0. 0. 0.],[0. 0. 0. 0.],,,,,537499,crazyflie/motors,,,,,,,,
,,,533,,,,,,,,537503,geometry/pose_raw,,9.76191234588623,1.7606737613677979,54.30077362060547,11.559999465942383,0.1814229041337967,0.0,-1.092750072479248
,,,534,,,,,,,,537514,geometry/pose_raw,,9.771811485290527,1.762043833732605,54.398399353027344,11.577930450439453,0.18048512935638428,0.0,-1.0943996906280518
,,,535,,,,,,,,537523,geometry/pose_raw,,9.781578063964844,1.763132929801941,54.496124267578125,11.595873832702637,0.18110911548137665,0.0,-1.0960503816604614
,,,536,,,,,,,,537533,geometry/pose_raw,,9.791139602661133,1.764500617980957,54.59394454956055,11.613829612731934,0.18013079464435577,0.0,-1.0977022647857666
,,,537,,,,,,,,537543,geometry/pose_raw,,9.800881385803223,1.7656997442245483,54.69186019897461,11.631797790527344,0.18058764934539795,0.0,-1.099355936050415
,,,538,,,,,,,,537553,geometry/pose_raw,,9.810491561889648,1.7669880390167236,54.78987503051758,11.649778366088867,0.18043869733810425,0.0,-1.1010104417800903
,,,539,,,,,,,,537563,geometry/pose_raw,,9.819918632507324,1.7682535648345947,54.88798522949219,11.66777229309082,0.18053467571735382,0.0,-1.1026639938354492
,,,540,,,,,,,,537574,geometry/pose_raw,,9.829461097717285,1.769535779953003,54.98619079589844,11.685779571533203,0.18058793246746063,0.0,-1.1043168306350708
,,,541,,,,,,,,537584,geometry/pose_raw,,9.839186668395996,1.7707256078720093,55.08449172973633,11.703800201416016,0.18161170184612274,0.0,-1.1059670448303223
,,,542,,,,,,,,537594,geometry/pose_raw,,9.848769187927246,1.7720463275909424,55.18288803100586,11.721835136413574,0.1819058060646057,0.0,-1.1076141595840454
,,,543,,[0. 0. 0. 0.],[0. 0. 0. 0.],,,,,537598,crazyflie/motors,,,,,,,,
,,,544,,,,,,,,537603,geometry/pose_raw,,9.858199119567871,1.7732759714126587,55.28137969970703,11.739883422851562,0.1824847012758255,0.0,-1.1092628240585327
,,,545,,,,,,,,537614,geometry/pose_raw,,9.867759704589844,1.7745152711868286,55.379966735839844,11.75794506072998,0.18234959244728088,0.0,-1.1109135150909424
,,,546,,,,,,,,537623,geometry/pose_raw,,9.877551078796387,1.775981068611145,55.4786491394043,11.776020050048828,0.1820409893989563,0.0,-1.1125636100769043
,,,547,,,,,,,,537633,geometry/pose_raw,,9.887186050415039,1.7771118879318237,55.577430725097656,11.794109344482422,0.18318459391593933,0.0,-1.1142133474349976
,,,548,,,,,,,,537643,geometry/pose_raw,,9.897055625915527,1.778383731842041,55.676307678222656,11.812211036682129,0.1829153597354889,0.0,-1.1158627271652222
,,,549,,,,,,,,537653,geometry/pose_raw,,9.906888008117676,1.7798734903335571,55.77528381347656,11.830326080322266,0.1818733662366867,0.0,-1.11751127243042
,,,550,,,,,,,,537664,geometry/pose_raw,,9.91666030883789,1.7809581756591797,55.874359130859375,11.848454475402832,0.18320515751838684,0.0,-1.1191595792770386
,,,551,,,,,,,,537673,geometry/pose_raw,,9.926355361938477,1.782081127166748,55.97352981567383,11.866596221923828,0.1842184066772461,0.0,-1.1208077669143677
,,,552,,,,,,,,537683,geometry/pose_raw,,9.936193466186523,1.7833391427993774,56.07279968261719,11.884751319885254,0.18391169607639313,0.0,-1.1224555969238281
,,,553,,,,,,,,537693,geometry/pose_raw,,9.946032524108887,1.7846211194992065,56.17216873168945,11.902917861938477,0.18301589787006378,0.0,-1.1241031885147095
,,,554,,[0. 0. 0. 0.],[0. 0. 0. 0.],,,,,537697,crazyflie/motors,,,,,,,,
,,,555,,,,,,,,537703,geometry/pose_raw,,9.95578670501709,1.7856876850128174,56.271636962890625,11.921096801757812,0.18405061960220337,0.0,-1.1257503032684326
,,,556,,,,,,,,537713,geometry/pose_raw,,9.9653959274292,1.7870372533798218,56.37120056152344,11.939288139343262,0.18263931572437286,0.0,-1.127397060394287
,,,557,,,,,,,,537723,geometry/pose_raw,,9.975226402282715,1.7877849340438843,56.470863342285156,11.957489967346191,0.18431749939918518,0.0,-1.1290427446365356
,,,558,,,,,,,,537733,geometry/pose_raw,,9.984978675842285,1.7888461351394653,56.570621490478516,11.975702285766602,0.1840786635875702,0.0,-1.130686640739441
,,,559,,,,,,,,537744,geometry/pose_raw,,9.994559288024902,1.7899516820907593,56.67047882080078,11.993926048278809,0.1843055635690689,0.0,-1.1323293447494507
,,,560,,,,,,,,537754,geometry/pose_raw,,-0.0,0.0,-0.0,0.0,0.0,0.0,0.0
,,,561,,,,,,,,537763,geometry/pose_raw,,0.005543040577322245,0.0017919499659910798,2.7715203032130376e-05,8.959749720816035e-06,-0.000617586076259613,0.0,-5.8318255469203e-07
,,,562,,,,,,,,537773,geometry/pose_raw,,0.010900422930717468,0.0036397103685885668,0.00010993235628120601,3.611826105043292e-05,0.001553796580992639,0.0,-2.150307409465313e-06
,,,563,,,,,,,,537784,geometry/pose_raw,,0.016444969922304153,0.005413970444351435,0.0002466579317115247,8.139018609654158e-05,0.0012107266811653972,0.0,-4.563422407954931e-06
,,,564,,,,,,,,537794,geometry/pose_raw,,0.022241072729229927,0.007161935791373253,0.00044008527765981853,0.00014427689893636853,0.0031770491041243076,0.0,-8.200120646506548e-06
,,,565,,,,,,,,537796,crazyflie/status,3.85337233543396,,,,,,,
,,,566,,[0. 0. 0. 0.],[0. 0. 0. 0.],,,,,537798,crazyflie/motors,,,,,,,,
,,,567,,,,,,,,537804,geometry/pose_raw,,0.027844106778502464,0.008863240480422974,0.0006905064219608903,0.00022441468900069594,0.0019328969065099955,0.0,-1.294459798373282e-05
,,,568,,,,,,,,537813,geometry/pose_raw,,0.033284980803728104,0.010509991087019444,0.0009961469331756234,0.0003212919400539249,0.002008687239140272,0.0,-1.829114626161754e-05
,,,569,,,,,,,,537822,geometry/pose_raw,,0.038907911628484726,0.01228557713329792,0.0013571057934314013,0.00043528160313144326,0.001439761952497065,0.0,-2.4444598238915205e-05
,,,570,,,,,,,,537833,geometry/pose_raw,,0.04472934827208519,0.014100982807576656,0.0017752848798409104,0.0005672287079505622,0.0022440108004957438,0.0,-3.177073085680604e-05
,,,571,,,,,,,,537843,geometry/pose_raw,,0.05032845214009285,0.01580904610455036,0.0022505642846226692,0.0007167982403188944,0.002133794594556093,0.0,-3.966086660511792e-05
,,,572,,,,,,,,537852,geometry/pose_raw,,0.05566517263650894,0.0174651350826025,0.0027805217541754246,0.0008831893210299313,0.0019198027439415455,0.0,-4.808485391549766e-05
,,,573,,,,,,,,537863,geometry/pose_raw,,0.06118246167898178,0.019219571724534035,0.0033647464588284492,0.0010666376911103725,0.0026121982373297215,0.0,-5.819820216856897e-05
,,,574,,,,,,,,537873,geometry/pose_raw,,0.06679993122816086,0.020783649757504463,0.0040046414360404015,0.0012666864786297083,0.0028083736542612314,0.0,-6.945416680537164e-05
,,,575,,,,,,,,537883,geometry/pose_raw,,0.07230889052152634,0.022403094917535782,0.004700164310634136,0.0014826629776507616,0.0038243704475462437,0.0,-8.168263593688607e-05
,,,576,,,,,,,,537893,geometry/pose_raw,,0.07809233665466309,0.02418608032166958,0.0054521444253623486,0.0017156614921987057,0.0036723690573126078,0.0,-9.578978642821312e-05
,,,577,,[0. 0. 0. 0.],[0. 0. 0. 0.],,,,,537897,crazyflie/motors,,,,,,,,
,,,578,,,,,,,,537903,geometry/pose_raw,,0.0837821438908577,0.025971591472625732,0.006261487957090139,0.0019665032159537077,0.003289508866146207,0.0,-0.00011252224794588983
,,,579,,,,,,,,537914,geometry/pose_raw,,0.08919095247983932,0.027784936130046844,0.00712631968781352,0.002235343912616372,0.0038437058683484793,0.0,-0.00013195007340982556
,,,580,,,,,,,,537923,geometry/pose_raw,,0.09469868987798691,0.029510824009776115,0.008045724593102932,0.0025219027884304523,0.00564028462395072,0.0,-0.0001530263398308307
,,,581,,,,,,,,537933,geometry/pose_raw,,0.10035217553377151,0.031218215823173523,0.00902092456817627,0.0028256571386009455,0.00666297459974885,0.0,-0.00017603844753466547
,,,582,,,,,,,,537943,geometry/pose_raw,,0.10596130788326263,0.03301066532731056,0.010052429512143135,0.003146928735077381,0.006870783865451813,0.0,-0.00020014293841086328
,,,583,,,,,,,,537953,geometry/pose_raw,,0.11163657903671265,0.03489096090197563,0.011140351183712482,0.003486576024442911,0.00714706489816308,0.0,-0.00022464702487923205
,,,584,,,,,,,,537963,geometry/pose_raw,,0.11750513315200806,0.036741241812705994,0.012285982258617878,0.0038448977284133434,0.008232515305280685,0.0,-0.00025085671222768724
,,,585,,,,,,,,537973,geometry/pose_raw,,0.12348274141550064,0.03863454610109329,0.013490834273397923,0.0042219567112624645,0.008131546899676323,0.0,-0.0002789273567032069
,,,586,,,,,,,,537983,geometry/pose_raw,,0.12910771369934082,0.04034648463129997,0.01475368719547987,0.0046170735731720924,0.010352227836847305,0.0,-0.0003075349086429924
,,,587,,,,,,,,537993,geometry/pose_raw,,0.13461671769618988,0.0420013852417469,0.016072195023298264,0.005029064603149891,0.010792906396090984,0.0,-0.0003362846910022199
,,,588,,[0. 0. 0. 0.],[0. 0. 0. 0.],,,,,537999,crazyflie/motors,,,,,,,,
,,,589,,,,,,,,538003,geometry/pose_raw,,0.14034011960029602,0.04362471029162407,0.0174468532204628,0.005457472521811724,0.01157904602587223,0.0,-0.00036694356822408736
,,,590,,,,,,,,538013,geometry/pose_raw,,0.14608848094940186,0.04526771232485771,0.01887885294854641,0.005902245175093412,0.012471220456063747,0.0,-0.0004010685079265386
,,,591,,,,,,,,538022,geometry/pose_raw,,0.1518872231245041,0.04699636250734329,0.02036857046186924,0.006363916676491499,0.013771266676485538,0.0,-0.00043761375127360225
,,,592,,,,,,,,538032,geometry/pose_raw,,0.15765924751758575,0.04877185449004173,0.02191612683236599,0.006843149662017822,0.014468963257968426,0.0,-0.00047479799832217395
,,,593,,,,,,,,538042,geometry/pose_raw,,0.16314217448234558,0.05041419342160225,0.02351994812488556,0.007339491043239832,0.014113768003880978,0.0,-0.0005121941212564707
,,,594,,,,,,,,538053,geometry/pose_raw,,0.1686774641275406,0.05201314389705658,0.025178853422403336,0.00785205326974392,0.014515661634504795,0.0,-0.0005499674007296562
,,,595,,,,,,,,538063,geometry/pose_raw,,0.17449507117271423,0.053816404193639755,0.02689451165497303,0.008381659165024757,0.01525398250669241,0.0,-0.0005881551187485456
,,,596,,,,,,,,538073,geometry/pose_raw,,0.18042151629924774,0.05551015958189964,0.028668878600001335,0.008928784169256687,0.015670213848352432,0.0,-0.000626376539003104
,,,597,,,,,,,,538083,geometry/pose_raw,,0.1862281709909439,0.05717704817652702,0.03050190396606922,0.00949273444712162,0.01566150225698948,0.0,-0.0006638979539275169
,,,598,,,,,,,,538093,geometry/pose_raw,,0.192142054438591,0.05906805768609047,0.032393522560596466,0.010074504651129246,0.016560977324843407,0.0,-0.0007009627297520638
,,,599,,[0. 0. 0. 0.],[0. 0. 0. 0.],,,,,538098,crazyflie/motors,,,,,,,,
,,,600,,,,,,,,538103,geometry/pose_raw,,0.19791968166828156,0.06092444434762001,0.03434358164668083,0.010675043798983097,0.016548974439501762,0.0,-0.0007390962564386427
,,,601,,,,,,,,538113,geometry/pose_raw,,0.20347434282302856,0.06275293231010437,0.03635028749704361,0.011294043622910976,0.017706889659166336,0.0,-0.0007779616862535477
,,,602,,,,,,,,538123,geometry/pose_raw,,0.20914429426193237,0.06460077315568924,0.03841310366988182,0.011931464076042175,0.01776597648859024,0.0,-0.0008168540662154555
,,,603,,,,,,,,538133,geometry/pose_raw,,0.2149921953678131,0.06625397503376007,0.04053349420428276,0.012586421333253384,0.01843458227813244,0.0,-0.0008563356823287904
,,,604,,,,,,,,538143,geometry/pose_raw,,0.22054368257522583,0.06783957034349442,0.04271087050437927,0.01325759757310152,0.01809772476553917,0.0,-0.0008963445434346795
,,,605,,,,,,,,538153,geometry/pose_raw,,0.2260148525238037,0.06933470815420151,0.04494335502386093,0.01394419651478529,0.018554624170064926,0.0,-0.0009367196471430361
,,,606,,,,,,,,538163,geometry/pose_raw,,0.23173239827156067,0.07087977975606918,0.047231778502464294,0.014646006748080254,0.017749497666954994,0.0,-0.000977724208496511
,,,607,,,,,,,,538173,geometry/pose_raw,,0.2376553863286972,0.0725274309515953,0.04957839474081993,0.01536379661411047,0.01847962848842144,0.0,-0.0010201106779277325
,,,608,,,,,,,,538183,geometry/pose_raw,,0.24357746541500092,0.07419862598180771,0.051984213292598724,0.016098231077194214,0.01929052174091339,0.0,-0.001064563519321382
,,,609,,,,,,,,538193,geometry/pose_raw,,0.249496191740036,0.07589222490787506,0.05444921553134918,0.016849525272846222,0.019149016588926315,0.0,-0.0011112866923213005
,,,610,,[0. 0. 0. 0.],[0. 0. 0. 0.],,,,,538196,crazyflie/motors,,,,,,,,
,,,611,,,,,,,,538204,geometry/pose_raw,,0.2554830014705658,0.07758376747369766,0.056973736733198166,0.01761774905025959,0.018497640267014503,0.0,-0.0011602174490690231
,,,612,,,,,,,,538214,geometry/pose_raw,,0.2613827884197235,0.07919666916131973,0.059557683765888214,0.018402500078082085,0.0185000691562891,0.0,-0.0012113238917663693
,,,613,,,,,,,,538223,geometry/pose_raw,,0.26733553409576416,0.08089830726385117,0.062200877815485,0.019203850999474525,0.018781140446662903,0.0,-0.0012644764501601458
,,,614,,,,,,,,538233,geometry/pose_raw,,0.27308329939842224,0.08293192833662033,0.06490255892276764,0.02002391405403614,0.019235745072364807,0.0,-0.0013187048025429249
,,,615,,,,,,,,538243,geometry/pose_raw,,0.2787777781486511,0.0847579836845398,0.06766143441200256,0.02086332067847252,0.01983831264078617,0.0,-0.0013732861261814833
,,,616,,,,,,,,538253,geometry/pose_raw,,0.28465113043785095,0.0863603800535202,0.07047814130783081,0.02171989157795906,0.01932273618876934,0.0,-0.0014278239104896784
,,,617,,,,,,,,538263,geometry/pose_raw,,0.2905808985233307,0.08799880743026733,0.0733538568019867,0.02259267307817936,0.019232962280511856,0.0,-0.0014827083796262741
,,,618,,,,,,,,538273,geometry/pose_raw,,0.29650917649269104,0.08968884497880936,0.0762888640165329,0.02348209358751774,0.01839105598628521,0.0,-0.0015385975129902363
,,,619,,,,,,,,538284,geometry/pose_raw,,0.30250871181488037,0.0912947729229927,0.07928348332643509,0.024388065561652184,0.021223915740847588,0.0,-0.0015944757033139467
,,,620,,,,,,,,538292,geometry/pose_raw,,0.3085237443447113,0.09298822283744812,0.08233813941478729,0.02531064860522747,0.02188733033835888,0.0,-0.001650142716243863
,,,621,,[0. 0. 0. 0.],[0. 0. 0. 0.],,,,,538297,crazyflie/motors,,,,,,,,
,,,622,,,,,,,,538303,geometry/pose_raw,,0.3146149516105652,0.0946820005774498,0.08545330166816711,0.026250235736370087,0.022816762328147888,0.0,-0.0017075372161343694
,,,623,,,,,,,,538313,geometry/pose_raw,,0.32053104043006897,0.09630095213651657,0.08862847089767456,0.027206458151340485,0.023586591705679893,0.0,-0.0017671574605628848
,,,624,,,,,,,,538323,geometry/pose_raw,,0.32637789845466614,0.09795060008764267,0.09186242520809174,0.028179101645946503,0.024633394554257393,0.0,-0.001828314270824194
,,,625,,,,,,,,538333,geometry/pose_raw,,0.3322559595108032,0.09960843622684479,0.09515498578548431,0.029168322682380676,0.02408594824373722,0.0,-0.001890402170829475
,,,626,,,,,,,,538343,geometry/pose_raw,,0.3382696211338043,0.1013764888048172,0.09850699454545975,0.03017469123005867,0.024381162598729134,0.0,-0.0019529322162270546
,,,627,,,,,,,,538354,geometry/pose_raw,,0.34428247809410095,0.10310621559619904,0.10191912204027176,0.03119857981801033,0.0242903009057045,0.0,-0.0020158232655376196
,,,628,,,,,,,,538363,geometry/pose_raw,,0.35040971636772156,0.10478874295949936,0.10539194196462631,0.032239556312561035,0.024390507489442825,0.0,-0.0020790784619748592
,,,629,,,,,,,,538374,geometry/pose_raw,,0.35652363300323486,0.10655862092971802,0.10892593860626221,0.033297859132289886,0.02554447576403618,0.0,-0.0021440894342958927
,,,630,,,,,,,,538383,geometry/pose_raw,,0.36248740553855896,0.10842086374759674,0.11252027750015259,0.0343744195997715,0.026574600487947464,0.0,-0.002211944665759802
,,,631,,,,,,,,538393,geometry/pose_raw,,0.368364542722702,0.11010824143886566,0.11617378890514374,0.03546880930662155,0.027207447215914726,0.0,-0.0022820986341685057
,,,632,,[0. 0. 0. 0.],[0. 0. 0. 0.],,,,,538398,crazyflie/motors,,,,,,,,
,,,633,,,,,,,,538403,geometry/pose_raw,,0.37435397505760193,0.11166390031576157,0.1198866069316864,0.03657948598265648,0.027895836159586906,0.0,-0.0023535513319075108
,,,634,,,,,,,,538413,geometry/pose_raw,,0.3804498314857483,0.1132599338889122,0.12365982681512833,0.03770597651600838,0.028045818209648132,0.0,-0.0024257234763354063
,,,635,,,,,,,,538423,geometry/pose_raw,,0.38645896315574646,0.11492253839969635,0.12749354541301727,0.038848817348480225,0.02861839346587658,0.0,-0.0024996090214699507
,,,636,,,,,,,,538435,geometry/pose_raw,,0.3923873007297516,0.11661812663078308,0.1313869208097458,0.0400085374712944,0.02979201264679432,0.0,-0.00257492414675653
,,,637,,,,,,,,538444,geometry/pose_raw,,0.398327112197876,0.11829042434692383,0.13533960282802582,0.04118519276380539,0.030482729896903038,0.0,-0.0026504655834287405
,,,638,,,,,,,,538454,geometry/pose_raw,,0.4042302072048187,0.11994249373674393,0.139351487159729,0.042378511279821396,0.0300509724766016,0.0,-0.00272692134603858
,,,639,,,,,,,,538464,geometry/pose_raw,,0.4102761149406433,0.12165633589029312,0.14342308044433594,0.04358871653676033,0.031087560579180717,0.0,-0.002805266994982958
,,,640,,,,,,,,538474,geometry/pose_raw,,0.41659218072891235,0.1234363466501236,0.14755646884441376,0.04481641575694084,0.029720745980739594,0.0,-0.002886007074266672
,,,641,,,,,,,,538484,geometry/pose_raw,,0.42267778515815735,0.12524503469467163,0.15175184607505798,0.046062055975198746,0.03011149726808071,0.0,-0.0029693881515413523
,,,642,,,,,,,,538495,geometry/pose_raw,,0.42858654260635376,0.12695536017417908,0.15600717067718506,0.04732534661889076,0.03034118004143238,0.0,-0.0030548006761819124
,,,643,,[0. 0. 0. 0.],[0. 0. 0. 0.],,,,,538499,crazyflie/motors,,,,,,,,
,,,644,,,,,,,,538504,geometry/pose_raw,,0.4346396028995514,0.12861664593219757,0.16032229363918304,0.048605531454086304,0.03014114871621132,0.0,-0.0031408420763909817
,,,645,,,,,,,,538513,geometry/pose_raw,,0.4406138062477112,0.13018843531608582,0.1646975427865982,0.049901898950338364,0.029895318672060966,0.0,-0.0032265991903841496
,,,646,,,,,,,,538525,geometry/pose_raw,,0.4464399516582489,0.13183914124965668,0.1691317856311798,0.051214415580034256,0.030313335359096527,0.0,-0.003311683889478445
,,,647,,,,,,,,538533,geometry/pose_raw,,0.4523826241493225,0.13366620242595673,0.17362484335899353,0.05254439637064934,0.031010914593935013,0.0,-0.003397023305296898
,,,648,,,,,,,,538544,geometry/pose_raw,,0.45833468437194824,0.13547144830226898,0.1781773418188095,0.05389261245727539,0.03134003281593323,0.0,-0.003484220476821065
551461,"[2500 2562 2625 2687 2750 2812 2875 2937 3000 3062 3125 3187 3250 3312
 3375 3437 3562 3625 3687 3750 3812 3875 3937 4000 4062 4125 4187 4250
 4312 4375 4437 4500]",64000,649,[ 0.      0.0607 -0.0607  0.      0.     -0.0607  0.0607  0.    ],,,32,4,"[ 0.25453553  0.17007747  1.0788789   0.9987679  -1.2798158   2.2618272
 -2.492793    1.897333    0.3784633  -1.099374    0.3834148  -0.760334
  0.8634707  -1.5705602  -1.6542332   0.09327084 -2.1035478   1.1773943
  1.5469055  -1.6169076  -0.94529265  0.01387385 -1.7992047  -0.51717806
 -1.644728   -2.2975547  -2.1482038  -0.7762085  -0.38361666  1.4226303
 -0.28077596  1.3288833   2.1130152   0.75469965  0.18291421  2.355265
 -2.8889756   0.7875063  -3.723947    3.1732054  -0.9847058   0.05268028
  0.20254901 -0.27503642 -0.2878567  -0.5987642  -1.9286784   1.1676679
 -1.714293    1.8181268   0.34350404 -0.2628255  -1.093868    0.8442045
 -1.7552658  -1.7168459  -2.4194508  -0.48919    -2.9146006  -1.0861037
 -0.48014742  1.9425611  -0.7676045   1.3127754   0.49587697  0.37559438
  0.51116467  0.62130195 -1.447613    1.6837538  -1.9439389   1.6046864
  0.5172148  -1.4303497   0.30872512 -0.26644826  1.3084292  -1.9306471
 -2.0816593   0.03373677 -1.8216562   2.4190922   1.7591106  -2.2841823
 -1.5236801   0.8811852  -2.037728   -1.2692108  -2.7580054  -1.8891189
 -3.317293   -1.77018    -0.07848305  2.128773   -1.0099514   1.1738375
  1.5727613   0.98508936 -0.14708     1.8219573  -2.601852    0.22502859
 -3.1923869   2.5985763  -0.36608103 -0.06522682  0.08533281 -0.18786006
  0.1059781  -0.72090435 -2.371819    1.2866703  -1.8804415   1.73082
  1.2907073   0.03216916 -1.8811274   1.1273868  -1.35819    -1.43462
 -2.5879838  -0.24782455 -3.4194922  -1.7552593   0.18817434  1.958093
 -1.2376378   1.3226193 ]","[-0.33943516 -0.4991346   1.3322458   0.5889182   0.8293659   2.932325
  0.26683652  1.7444708   3.2196271  -2.7724395  -2.3111534   2.0551019
  2.2469528  -1.5637541  -0.92510355 -1.8634728  -1.644911    2.4114983
  0.37718534  0.5088251   0.4703474  -1.9770489   1.4606867  -1.5953102
  0.13009834 -2.2603054   1.2680163   2.2459915  -2.0773273  -1.0180038
  1.441503   -0.09191275 -0.8080175  -1.0665433   0.7021028   1.3964636
  1.4299165   2.0867608   0.8385596   2.0390472   2.3030927  -2.135857
 -2.8025384   2.572895    1.9718821  -2.0268946  -0.46237928 -1.6955752
 -0.26370794  0.13784732  0.90351397 -0.58624786  1.3990389  -1.2079911
 -0.15252252 -1.5623744   1.3444688  -2.0239377   1.9765631   3.096736
 -2.7211843  -0.93708813  1.5333912   0.26072693 -0.1791431  -0.356564
  1.3961267   0.8122268   0.3420404   2.9031663   0.17395136  1.3540223
  3.2525034  -2.7381592  -2.064851    1.9574841   2.177245   -1.5887603
 -0.7478906  -2.3644285  -0.82456106  0.74318886  0.13542823  0.58937603
  0.43698403 -2.2363367   0.4454996  -1.538505    0.6270021  -2.8036926
  0.99964774  2.5746274  -2.7506626  -0.8098346   1.733705    0.57264686
 -0.78585756 -0.9844914   0.73102784  1.4822998   1.0369424   1.6511978
  0.3848471   1.6373401   1.8685551  -2.1157684  -2.8124537   2.2660594
  2.1710117  -2.074011   -0.36815524 -1.7529242  -0.5670217   0.3175919
  2.861947   -1.6418717   1.3730276  -1.0456891  -0.13621014 -1.6458379
  0.85569394 -3.3704119   0.9954354   2.356761   -2.4726539  -0.62097275
  1.1875303   0.8891801 ]",538545,audio/signals_f,,,,,,,,
,,,650,,,,,,,,538556,geometry/pose_raw,,0.4644750952720642,0.13718245923519135,0.18279027938842773,0.055258430540561676,0.03076241724193096,0.0,-0.0035729859955608845
,,,651,,,,,,,,538565,geometry/pose_raw,,0.47066205739974976,0.13892360031604767,0.1874648481607437,0.056641530245542526,0.031026698648929596,0.0,-0.003661563154309988
,,,652,,,,,,,,538574,geometry/pose_raw,,0.47676998376846313,0.14063191413879395,0.19220086932182312,0.058041978627443314,0.032504674047231674,0.0,-0.0037498909514397383
,,,653,,,,,,,,538586,geometry/pose_raw,,0.48275449872016907,0.1421646624803543,0.19699731469154358,0.059458743780851364,0.032821159809827805,0.0,-0.003839185694232583
,,,654,,,,,,,,538594,geometry/pose_raw,,0.4888377785682678,0.143743634223938,0.20185405015945435,0.060891155153512955,0.033679746091365814,0.0,-0.003931073471903801
,,,655,,[0. 0. 0. 0.],[0. 0. 0. 0.],,,,,538597,crazyflie/motors,,,,,,,,
,,,656,,,,,,,,538604,geometry/pose_raw,,0.4950302541255951,0.14542920887470245,0.206772118806839,0.06234002113342285,0.03503252938389778,0.0,-0.004025698639452457
,,,657,,,,,,,,538614,geometry/pose_raw,,0.5011890530586243,0.14705854654312134,0.21175189316272736,0.06380560994148254,0.036151621490716934,0.0,-0.004121588543057442
,,,658,,,,,,,,538624,geometry/pose_raw,,0.5072425603866577,0.14867602288722992,0.21679270267486572,0.0652875080704689,0.03586100414395332,0.0,-0.004218644928187132
,,,659,,,,,,,,538633,geometry/pose_raw,,0.5133200287818909,0.15036769211292267,0.22189414501190186,0.06678598374128342,0.035930220037698746,0.0,-0.004316544160246849
,,,660,,,,,,,,538644,geometry/pose_raw,,0.5193906426429749,0.1519417017698288,0.22705630958080292,0.06830085813999176,0.03650495037436485,0.0,-0.004414846189320087
,,,661,,,,,,,,538654,geometry/pose_raw,,0.5252972841262817,0.15360108017921448,0.23227831721305847,0.0698319748044014,0.036664512008428574,0.0,-0.00451435474678874
,,,662,,,,,,,,538664,geometry/pose_raw,,0.5313273668289185,0.15535202622413635,0.2375599890947342,0.07138017565011978,0.03642900660634041,0.0,-0.004616143181920052
,,,663,,,,,,,,538673,geometry/pose_raw,,0.5376216173171997,0.15719737112522125,0.24290324747562408,0.07294641435146332,0.03685316815972328,0.0,-0.0047206273302435875
,,,664,,,,,,,,538683,geometry/pose_raw,,0.5437629818916321,0.15894120931625366,0.24830864369869232,0.0745307058095932,0.03789810463786125,0.0,-0.004827321507036686
,,,665,,,,,,,,538693,geometry/pose_raw,,0.5498358607292175,0.16062596440315247,0.25377506017684937,0.07613224536180496,0.03810291737318039,0.0,-0.004934759344905615
,,,666,,[0. 0. 0. 0.],[0. 0. 0. 0.],,,,,538697,crazyflie/motors,,,,,,,,
,,,667,,,,,,,,538702,geometry/pose_raw,,0.5559519529342651,0.16233371198177338,0.25930240750312805,0.0777508094906807,0.03843742981553078,0.0,-0.005042123142629862
,,,668,,,,,,,,538713,geometry/pose_raw,,0.5621742010116577,0.16413407027721405,0.26489144563674927,0.07938695698976517,0.038078196346759796,0.0,-0.00514983618631959
,,,669,,,,,,,,538723,geometry/pose_raw,,0.5684053897857666,0.1658867746591568,0.270542711019516,0.08104094117879868,0.03903927654027939,0.0,-0.005258142948150635
,,,670,,,,,,,,538735,geometry/pose_raw,,0.5744377970695496,0.1676475703716278,0.2762552797794342,0.08271254599094391,0.03817711025476456,0.0,-0.005368017591536045
,,,671,,,,,,,,538742,geometry/pose_raw,,0.5805930495262146,0.16937090456485748,0.28202876448631287,0.08440155535936356,0.03795556724071503,0.0,-0.005480085499584675
,,,672,,,,,,,,538753,geometry/pose_raw,,0.5866602063179016,0.17098437249660492,0.2878633141517639,0.08610738068819046,0.03995713219046593,0.0,-0.005593691952526569
,,,673,,,,,,,,538763,geometry/pose_raw,,0.5934297442436218,0.17279842495918274,0.29435184597969055,0.08800280839204788,0.040036946535110474,0.0,-0.005720103159546852
,,,674,,,,,,,,538774,geometry/pose_raw,,0.5995916724205017,0.17455130815505981,0.30031514167785645,0.08974388986825943,0.04162062704563141,0.0,-0.005836050491780043
,,,675,,,,,,,,538784,geometry/pose_raw,,0.6057356595993042,0.17635144293308258,0.30633991956710815,0.09150279313325882,0.04023841395974159,0.0,-0.005953449755907059
,,,676,,,,,,,,538793,geometry/pose_raw,,0.6118910312652588,0.17805621027946472,0.31242620944976807,0.09327919036149979,0.040242210030555725,0.0,-0.006071980111300945
,,,677,,,,,,,,538795,crazyflie/status,3.8586509227752686,,,,,,,
,,,678,,[0. 0. 0. 0.],[0. 0. 0. 0.],,,,,538798,crazyflie/motors,,,,,,,,
,,,679,,,,,,,,538803,geometry/pose_raw,,0.6180331110954285,0.1796717494726181,0.3185739815235138,0.09507222473621368,0.03999175876379013,0.0,-0.006190652027726173
,,,680,,,,,,,,538812,geometry/pose_raw,,0.6242919564247131,0.18128132820129395,0.3247837424278259,0.09688138961791992,0.03954102471470833,0.0,-0.006309684365987778
,,,681,,,,,,,,538823,geometry/pose_raw,,0.6306692957878113,0.18302270770072937,0.3310566544532776,0.09870739281177521,0.040786053985357285,0.0,-0.006429117172956467
,,,682,,,,,,,,538832,geometry/pose_raw,,0.6368920803070068,0.18469251692295074,0.33739250898361206,0.1005505919456482,0.0411444827914238,0.0,-0.006549046374857426
,,,683,,,,,,,,538844,geometry/pose_raw,,0.6430740356445312,0.18641193211078644,0.34379035234451294,0.10241083055734634,0.04174446687102318,0.0,-0.0066705974750220776
,,,684,,,,,,,,538853,geometry/pose_raw,,0.649264931678772,0.18808633089065552,0.3502500057220459,0.10428814589977264,0.042204760015010834,0.0,-0.006795086432248354
,,,685,,,,,,,,538863,geometry/pose_raw,,0.6554625034332275,0.18973501026630402,0.3567715883255005,0.10618210583925247,0.041321758180856705,0.0,-0.006922186817973852
,,,686,,,,,,,,538872,geometry/pose_raw,,0.6617287397384644,0.19135522842407227,0.36335545778274536,0.10809243470430374,0.04172169044613838,0.0,-0.007050554268062115
,,,687,,,,,,,,538882,geometry/pose_raw,,0.6678536534309387,0.19307975471019745,0.37000125646591187,0.11001959443092346,0.042459554970264435,0.0,-0.007178665604442358
,,,688,,,,,,,,538892,geometry/pose_raw,,0.6740158796310425,0.19479842483997345,0.3767084777355194,0.11196404695510864,0.042299240827560425,0.0,-0.007306033745408058
,,,689,,[0. 0. 0. 0.],[0. 0. 0. 0.],,,,,538896,crazyflie/motors,,,,,,,,
,,,690,,,,,,,,538903,geometry/pose_raw,,0.6801372170448303,0.19663967192173004,0.3834770917892456,0.11392635852098465,0.04273700341582298,0.0,-0.007434179540723562
,,,691,,,,,,,,538912,geometry/pose_raw,,0.6861019730567932,0.1982242465019226,0.39030611515045166,0.11590585857629776,0.04252127185463905,0.0,-0.007563813589513302
,,,692,,,,,,,,538923,geometry/pose_raw,,0.6928288340568542,0.19999030232429504,0.39788779616355896,0.11810179054737091,0.0427577905356884,0.0,-0.007707653567194939
,,,693,,,,,,,,538932,geometry/pose_raw,,0.699097216129303,0.20161934196949005,0.4048451781272888,0.12011517584323883,0.043531592935323715,0.0,-0.007840152829885483
,,,694,,,,,,,,538942,geometry/pose_raw,,0.705348014831543,0.20334786176681519,0.41186511516571045,0.12214542925357819,0.043218087404966354,0.0,-0.00797486212104559
,,,695,,,,,,,,538952,geometry/pose_raw,,0.7116659283638,0.20513120293617249,0.41894790530204773,0.12419318407773972,0.04179215058684349,0.0,-0.008111348375678062
,,,696,,,,,,,,538963,geometry/pose_raw,,0.7177862524986267,0.20690089464187622,0.42609289288520813,0.12625864148139954,0.04151122272014618,0.0,-0.008249331265687943
,,,697,,,,,,,,538972,geometry/pose_raw,,0.7240158319473267,0.20850476622581482,0.43329957127571106,0.12834104895591736,0.04242296144366264,0.0,-0.00838866550475359
,,,698,,,,,,,,538982,geometry/pose_raw,,0.7302179932594299,0.210076704621315,0.44056838750839233,0.1304394006729126,0.0416654571890831,0.0,-0.00852959230542183
,,,699,,,,,,,,538992,geometry/pose_raw,,0.7364056706428528,0.21166656911373138,0.44789913296699524,0.1325535774230957,0.041974861174821854,0.0,-0.008671760559082031
,,,700,,[0. 0. 0. 0.],[0. 0. 0. 0.],,,,,538997,crazyflie/motors,,,,,,,,
,,,701,,,,,,,,539003,geometry/pose_raw,,0.7427756786346436,0.21327003836631775,0.45529264211654663,0.1346837878227234,0.041824594140052795,0.0,-0.008815042674541473
,,,702,,,,,,,,539013,geometry/pose_raw,,0.7491201758384705,0.21493448317050934,0.4627496898174286,0.1368304044008255,0.042178161442279816,0.0,-0.008960017934441566
,,,703,,,,,,,,539023,geometry/pose_raw,,0.7554770708084106,0.21648594737052917,0.47027018666267395,0.1389932781457901,0.0437941737473011,0.0,-0.009106552228331566
,,,704,,,,,,,,539032,geometry/pose_raw,,0.7617858052253723,0.21807314455509186,0.4778539538383484,0.14117197692394257,0.04357514902949333,0.0,-0.009255187585949898
,,,705,,,,,,,,539043,geometry/pose_raw,,0.7679340243339539,0.21955789625644684,0.48549994826316833,0.14336620271205902,0.04559534043073654,0.0,-0.009406634606420994
,,,706,,,,,,,,539052,geometry/pose_raw,,0.7741070985794067,0.221053346991539,0.49320748448371887,0.14557547867298126,0.044890690594911575,0.0,-0.009560699574649334
,,,707,,,,,,,,539062,geometry/pose_raw,,0.7802738547325134,0.22289486229419708,0.5009766817092896,0.1478014886379242,0.045717570930719376,0.0,-0.009716329164803028
,,,708,,,,,,,,539073,geometry/pose_raw,,0.786531925201416,0.22488537430763245,0.5088079571723938,0.15004676580429077,0.04561145231127739,0.0,-0.009872455149888992
,,,709,,,,,,,,539082,geometry/pose_raw,,0.7927775979042053,0.2266101986169815,0.5167016983032227,0.15231077373027802,0.04706881567835808,0.0,-0.010028639808297157
,,,710,,,,,,,,539092,geometry/pose_raw,,0.7989025115966797,0.2282964140176773,0.5246572494506836,0.15459193289279938,0.04642448201775551,0.0,-0.010184954851865768
,,,711,,[0. 0. 0. 0.],[0. 0. 0. 0.],,,,,539096,crazyflie/motors,,,,,,,,
,,,712,,,,,,,,539102,geometry/pose_raw,,0.8051910996437073,0.2299339920282364,0.5326748490333557,0.15688973665237427,0.04649222642183304,0.0,-0.010342231020331383
,,,713,,,,,,,,539112,geometry/pose_raw,,0.8115638494491577,0.23162059485912323,0.5407557487487793,0.15920424461364746,0.046869564801454544,0.0,-0.010501323267817497
,,,714,,,,,,,,539122,geometry/pose_raw,,0.8179314136505127,0.23326300084590912,0.548900306224823,0.16153548657894135,0.046997010707855225,0.0,-0.010662471875548363
,,,715,,,,,,,,539132,geometry/pose_raw,,0.8243013620376587,0.23492667078971863,0.5571085214614868,0.1638832837343216,0.046360958367586136,0.0,-0.010826464742422104
,,,716,,,,,,,,539142,geometry/pose_raw,,0.8307461142539978,0.23649172484874725,0.5653808116912842,0.16624723374843597,0.04627925530076027,0.0,-0.010993065312504768
,,,717,,,,,,,,539152,geometry/pose_raw,,0.8371098637580872,0.23806938529014587,0.5737171173095703,0.16862690448760986,0.04564865678548813,0.0,-0.011161012575030327
,,,718,,,,,,,,539162,geometry/pose_raw,,0.843410074710846,0.23969466984272003,0.5821167230606079,0.17102250456809998,0.04444224759936333,0.0,-0.011329538188874722
,,,719,,,,,,,,539172,geometry/pose_raw,,0.8497664332389832,0.24113136529922485,0.590579628944397,0.1734333485364914,0.043943628668785095,0.0,-0.011498233303427696
,,,720,,,,,,,,539182,geometry/pose_raw,,0.8561959266662598,0.24262098968029022,0.59910649061203,0.17585872113704681,0.04232028126716614,0.0,-0.011667887680232525
,,,721,,,,,,,,539192,geometry/pose_raw,,0.862582802772522,0.2442106008529663,0.6076974272727966,0.17829950153827667,0.0433092899620533,0.0,-0.011840049177408218
,,,722,,[0. 0. 0. 0.],[0. 0. 0. 0.],,,,,539196,crazyflie/motors,,,,,,,,
,,,723,,,,,,,,539202,geometry/pose_raw,,0.8689876198768616,0.2456994652748108,0.6163522601127625,0.1807558387517929,0.04380029812455177,0.0,-0.012015778571367264
,,,724,,,,,,,,539213,geometry/pose_raw,,0.8754220604896545,0.24730980396270752,0.6250712275505066,0.18322771787643433,0.043284155428409576,0.0,-0.012194459326565266
,,,725,,,,,,,,539222,geometry/pose_raw,,0.8818591237068176,0.24902373552322388,0.6338545083999634,0.18571627140045166,0.0439404621720314,0.0,-0.01237404439598322
,,,726,,,,,,,,539231,geometry/pose_raw,,0.8881812691688538,0.250654399394989,0.6427015662193298,0.18822164833545685,0.04384785518050194,0.0,-0.012553095817565918
,,,727,,,,,,,,539242,geometry/pose_raw,,0.8943893313407898,0.2521900236606598,0.6516112685203552,0.19074301421642303,0.04534769058227539,0.0,-0.012732480652630329
,,,728,,,,,,,,539251,geometry/pose_raw,,0.9009560942649841,0.2538524270057678,0.6605847477912903,0.19328054785728455,0.04549073427915573,0.0,-0.012913649901747704
,,,729,,,,,,,,539261,geometry/pose_raw,,0.907473087310791,0.2555736005306244,0.669623613357544,0.19583508372306824,0.045752234756946564,0.0,-0.01309705339372158
,,,730,,,,,,,,539272,geometry/pose_raw,,0.9137178659439087,0.25730815529823303,0.6787262558937073,0.19840691983699799,0.045089833438396454,0.0,-0.013283315114676952
,,,731,,,,,,,,539282,geometry/pose_raw,,0.9201064109802246,0.25895625352859497,0.6878920197486877,0.20099572837352753,0.04585116356611252,0.0,-0.013472646474838257
,,,732,,,,,,,,539292,geometry/pose_raw,,0.9265662431716919,0.260611891746521,0.6971219778060913,0.2036011666059494,0.04565095901489258,0.0,-0.013663182035088539
,,,733,,[0. 0. 0. 0.],[0. 0. 0. 0.],,,,,539296,crazyflie/motors,,,,,,,,
,,,734,,,,,,,,539302,geometry/pose_raw,,0.9331435561180115,0.26220008730888367,0.7064170837402344,0.20622295141220093,0.04673828184604645,0.0,-0.013854761607944965
,,,735,,,,,,,,539311,geometry/pose_raw,,0.9397727251052856,0.26383325457572937,0.7157781720161438,0.20886093378067017,0.04601489007472992,0.0,-0.014048952609300613
,,,736,,,,,,,,539322,geometry/pose_raw,,0.946460485458374,0.265421599149704,0.7252058386802673,0.21151502430438995,0.04593886435031891,0.0,-0.014245197176933289
,,,737,,,,,,,,539331,geometry/pose_raw,,0.9529735445976257,0.2670207619667053,0.7346994876861572,0.21418502926826477,0.04501064494252205,0.0,-0.014443067833781242
,,,738,,,,,,,,539342,geometry/pose_raw,,0.959369421005249,0.2686266005039215,0.7442576885223389,0.2168709933757782,0.04447115585207939,0.0,-0.014642774127423763
,,,739,,,,,,,,539352,geometry/pose_raw,,0.9658434391021729,0.2701549530029297,0.7538802027702332,0.2195727527141571,0.0458177775144577,0.0,-0.014843760058283806
,,,740,,,,,,,,539362,geometry/pose_raw,,0.9724512100219727,0.27157431840896606,0.7635680437088013,0.22228942811489105,0.04600748047232628,0.0,-0.01504634041339159
,,,741,,,,,,,,539371,geometry/pose_raw,,0.9790420532226562,0.2729990482330322,0.773321807384491,0.2250204235315323,0.04625251516699791,0.0,-0.015251252800226212
,,,742,,,,,,,,539382,geometry/pose_raw,,0.9857888221740723,0.2746710479259491,0.7831422090530396,0.2277670055627823,0.04651423916220665,0.0,-0.015458837151527405
,,,743,,,,,,,,539392,geometry/pose_raw,,0.9923045039176941,0.27634045481681824,0.7930288910865784,0.23053039610385895,0.0467752106487751,0.0,-0.01566854491829872
,,,744,,[0. 0. 0. 0.],[0. 0. 0. 0.],,,,,539396,crazyflie/motors,,,,,,,,
,,,745,,,,,,,,539402,geometry/pose_raw,,0.9986994862556458,0.27797892689704895,0.8029800653457642,0.23331047594547272,0.04758305475115776,0.0,-0.015879452228546143
,,,746,,,,,,,,539412,geometry/pose_raw,,1.0051497220993042,0.27955248951911926,0.812995433807373,0.2361067235469818,0.0473613515496254,0.0,-0.01609179936349392
,,,747,,,,,,,,539422,geometry/pose_raw,,1.0116783380508423,0.28111031651496887,0.8230756521224976,0.23891869187355042,0.04779956117272377,0.0,-0.016306456178426743
,,,748,,,,,,,,539432,geometry/pose_raw,,1.0182554721832275,0.2826322615146637,0.8332213163375854,0.24174617230892181,0.04783250764012337,0.0,-0.016523785889148712
,,,749,,,,,,,,539442,geometry/pose_raw,,1.024793267250061,0.2842569649219513,0.8434325456619263,0.2445894330739975,0.04761641100049019,0.0,-0.016743268817663193
,,,750,,,,,,,,539452,geometry/pose_raw,,1.0312660932540894,0.2857838571071625,0.853708803653717,0.24744854867458344,0.048344992101192474,0.0,-0.016964301466941833
,,,751,,,,,,,,539462,geometry/pose_raw,,1.037880301475525,0.28747886419296265,0.8640503883361816,0.2503240406513214,0.049797963351011276,0.0,-0.017186302691698074
,,,752,,,,,,,,539472,geometry/pose_raw,,1.0444952249526978,0.2893286347389221,0.8744580745697021,0.2532174587249756,0.05019589886069298,0.0,-0.01741017773747444
,,,753,,,,,,,,539482,geometry/pose_raw,,1.0511815547943115,0.2910715341567993,0.8849321603775024,0.25612908601760864,0.05170627310872078,0.0,-0.017637336626648903
,,,754,,,,,,,,539492,geometry/pose_raw,,1.0577566623687744,0.2926316261291504,0.8954724669456482,0.2590574622154236,0.05199641361832619,0.0,-0.01786739192903042
,,,755,,[0. 0. 0. 0.],[0. 0. 0. 0.],,,,,539496,crazyflie/motors,,,,,,,,
,,,756,,,,,,,,539502,geometry/pose_raw,,1.0643242597579956,0.29419639706611633,0.9060783982276917,0.26200154423713684,0.05202557146549225,0.0,-0.018099376931786537
,,,757,,,,,,,,539512,geometry/pose_raw,,1.0708175897598267,0.29579466581344604,0.9167495965957642,0.26496151089668274,0.05204392224550247,0.0,-0.01833331398665905
,,,758,,,,,,,,539523,geometry/pose_raw,,1.0772897005081177,0.2973574101924896,0.9274856448173523,0.26793718338012695,0.050441209226846695,0.0,-0.018569346517324448
,,,759,,,,,,,,539532,geometry/pose_raw,,1.083855390548706,0.2989746928215027,0.9382868409156799,0.2709288001060486,0.05154859274625778,0.0,-0.01880822703242302
,,,760,,,,,,,,539543,geometry/pose_raw,,1.0904721021652222,0.3005436062812805,0.9491539001464844,0.27393653988838196,0.051814209669828415,0.0,-0.019050510600209236
,,,761,,,,,,,,539553,geometry/pose_raw,,1.0970549583435059,0.3019467890262604,0.9600868821144104,0.2769593298435211,0.05290671065449715,0.0,-0.01929491199553013
,,,762,,,,,,,,539562,geometry/pose_raw,,1.103606104850769,0.30350080132484436,0.9710854291915894,0.2799970507621765,0.05283122509717941,0.0,-0.019540226086974144
,,,763,,,,,,,,539572,geometry/pose_raw,,1.1102012395858765,0.30505916476249695,0.9821496605873108,0.2830504775047302,0.05361534655094147,0.0,-0.019787583500146866
,,,764,,,,,,,,539583,geometry/pose_raw,,1.1168007850646973,0.3066573143005371,0.993279755115509,0.28611990809440613,0.05465291813015938,0.0,-0.020038185641169548
,,,765,,,,,,,,539592,geometry/pose_raw,,1.123328447341919,0.30825862288475037,1.004475474357605,0.28920555114746094,0.054974738508462906,0.0,-0.020291121676564217
,,,766,,[0. 0. 0. 0.],[0. 0. 0. 0.],,,,,539597,crazyflie/motors,,,,,,,,
,,,767,,,,,,,,539601,geometry/pose_raw,,1.1299346685409546,0.3098006546497345,1.015736699104309,0.292307049036026,0.055633436888456345,0.0,-0.020546160638332367
,,,768,,,,,,,,539612,geometry/pose_raw,,1.1364473104476929,0.311390221118927,1.0270634889602661,0.2954242527484894,0.054589804261922836,0.0,-0.020803868770599365
,,,769,,,,,,,,539622,geometry/pose_raw,,1.1430782079696655,0.31291818618774414,1.0384560823440552,0.29855698347091675,0.05448479205369949,0.0,-0.021064039319753647
,,,770,,,,,,,,539631,geometry/pose_raw,,1.1498359441757202,0.3144893944263458,1.0499155521392822,0.3017052710056305,0.054402466863393784,0.0,-0.02132585644721985
,,,771,,,,,,,,539641,geometry/pose_raw,,1.1564627885818481,0.3160410225391388,1.0614418983459473,0.30486929416656494,0.05507374182343483,0.0,-0.021588481962680817
,,,772,,,,,,,,539652,geometry/pose_raw,,1.162919282913208,0.31766051054000854,1.0730335712432861,0.30804938077926636,0.055972449481487274,0.0,-0.02185208536684513
,,,773,,,,,,,,539661,geometry/pose_raw,,1.1695420742034912,0.3193756937980652,1.0846905708312988,0.31124618649482727,0.05470002070069313,0.0,-0.022117385640740395
,,,774,,,,,,,,539671,geometry/pose_raw,,1.176373839378357,0.321092426776886,1.0964149236679077,0.3144601285457611,0.055056821554899216,0.0,-0.022384244948625565
,,,775,,,,,,,,539682,geometry/pose_raw,,1.18289053440094,0.32272037863731384,1.1082059144973755,0.3176908791065216,0.05498119443655014,0.0,-0.022652029991149902
,,,776,,,,,,,,539691,geometry/pose_raw,,1.1894960403442383,0.3242388367652893,1.1200624704360962,0.32093754410743713,0.05634264275431633,0.0,-0.022920535877346992
,,,777,,[0. 0. 0. 0.],[0. 0. 0. 0.],,,,,539696,crazyflie/motors,,,,,,,,
,,,778,,,,,,,,539701,geometry/pose_raw,,1.1961569786071777,0.3258633315563202,1.1319853067398071,0.32420000433921814,0.05512069910764694,0.0,-0.023190336301922798
,,,779,,,,,,,,539711,geometry/pose_raw,,1.2026450634002686,0.32740217447280884,1.14397394657135,0.32747822999954224,0.055151909589767456,0.0,-0.023462029173970222
,,,780,,,,,,,,539721,geometry/pose_raw,,1.2091922760009766,0.329006552696228,1.1560276746749878,0.3307722806930542,0.05550641939043999,0.0,-0.023735355585813522
,,,781,,,,,,,,539731,geometry/pose_raw,,1.215918779373169,0.33061090111732483,1.1681476831436157,0.3340824842453003,0.0554225780069828,0.0,-0.024009861052036285
,,,782,,,,,,,,539742,geometry/pose_raw,,1.22273588180542,0.33221137523651123,1.1803354024887085,0.33740875124931335,0.05528552830219269,0.0,-0.02428491599857807
,,,783,,,,,,,,539752,geometry/pose_raw,,1.229356050491333,0.3337596356868744,1.1925902366638184,0.34075087308883667,0.05583169311285019,0.0,-0.024560648947954178
,,,784,,,,,,,,539761,geometry/pose_raw,,1.2360126972198486,0.33526548743247986,1.204911470413208,0.34410831332206726,0.0552850104868412,0.0,-0.02483791671693325
,,,785,,,,,,,,539771,geometry/pose_raw,,1.2428447008132935,0.3367656171321869,1.2173001766204834,0.3474806845188141,0.05415020510554314,0.0,-0.025117363780736923
,,,786,,,,,,,,539781,geometry/pose_raw,,1.2496833801269531,0.33833080530166626,1.2297571897506714,0.3508684039115906,0.054973285645246506,0.0,-0.025398535653948784
,,,787,,,,,,,,539792,geometry/pose_raw,,1.2563971281051636,0.33993804454803467,1.2422819137573242,0.3542720079421997,0.053529832512140274,0.0,-0.025679469108581543
,,,788,,,,,,,,539793,crazyflie/status,3.8586509227752686,,,,,,,
,,,789,,[0. 0. 0. 0.],[0. 0. 0. 0.],,,,,539796,crazyflie/motors,,,,,,,,
,,,790,,,,,,,,539801,geometry/pose_raw,,1.2630226612091064,0.34162452816963196,1.2548733949661255,0.35769206285476685,0.05434902012348175,0.0,-0.025960169732570648
,,,791,,,,,,,,539811,geometry/pose_raw,,1.2695783376693726,0.3432970345020294,1.2675307989120483,0.36112889647483826,0.052915576845407486,0.0,-0.0262434259057045
,,,792,,,,,,,,539822,geometry/pose_raw,,1.2760446071624756,0.3448319733142853,1.280253291130066,0.3645816743373871,0.05277184769511223,0.0,-0.02652987278997898
,,,793,,,,,,,,539832,geometry/pose_raw,,1.2826344966888428,0.34640175104141235,1.2930409908294678,0.3680499792098999,0.05218761786818504,0.0,-0.026817988604307175
,,,794,,,,,,,,539842,geometry/pose_raw,,1.2893511056900024,0.34801968932151794,1.305895209312439,0.3715343177318573,0.05298025906085968,0.0,-0.02710709348320961
,,,795,,,,,,,,539852,geometry/pose_raw,,1.2960951328277588,0.34976041316986084,1.3188166618347168,0.37503549456596375,0.05211512744426727,0.0,-0.02739645354449749
,,,796,,,,,,,,539862,geometry/pose_raw,,1.30268394947052,0.3514375686645508,1.331804871559143,0.37855371832847595,0.05205504596233368,0.0,-0.027686888352036476
,,,797,,,,,,,,539872,geometry/pose_raw,,1.3092193603515625,0.3530831038951874,1.3448586463928223,0.3820885717868805,0.051661428064107895,0.0,-0.027980396524071693
,,,798,,,,,,,,539881,geometry/pose_raw,,1.3157848119735718,0.35458287596702576,1.3579778671264648,0.3856392502784729,0.05225555971264839,0.0,-0.0282764732837677
,,,799,,,,,,,,539891,geometry/pose_raw,,1.3223825693130493,0.356097549200058,1.37116277217865,0.3892051577568054,0.052419304847717285,0.0,-0.028574306517839432
,,,800,,[0. 0. 0. 0.],[0. 0. 0. 0.],,,,,539896,crazyflie/motors,,,,,,,,
,,,801,,,,,,,,539901,geometry/pose_raw,,1.3289061784744263,0.35767707228660583,1.3844133615493774,0.3927864730358124,0.051155731081962585,0.0,-0.028873588889837265
,,,802,,,,,,,,539911,geometry/pose_raw,,1.3356330394744873,0.35919779539108276,1.3977301120758057,0.3963833153247833,0.05217241868376732,0.0,-0.029174072667956352
,,,803,,,,,,,,539922,geometry/pose_raw,,1.3426004648208618,0.36087095737457275,1.411115288734436,0.3999963104724884,0.05209670960903168,0.0,-0.029477007687091827
,,,804,,,,,,,,539932,geometry/pose_raw,,1.349380373954773,0.3625708818435669,1.4245691299438477,0.4036262333393097,0.05231207609176636,0.0,-0.029782690107822418
,,,805,,,,,,,,539942,geometry/pose_raw,,1.3561973571777344,0.3642619550228119,1.4380909204483032,0.40727323293685913,0.05250074714422226,0.0,-0.03009054996073246
,,,806,,,,,,,,539952,geometry/pose_raw,,1.3629815578460693,0.3658280074596405,1.4516806602478027,0.410936564207077,0.052279677242040634,0.0,-0.03040095791220665
,,,807,,,,,,,,539962,geometry/pose_raw,,1.3697845935821533,0.36748629808425903,1.4653383493423462,0.41461604833602905,0.05222197249531746,0.0,-0.03071443922817707
,,,808,,,,,,,,539971,geometry/pose_raw,,1.376741647720337,0.3692627251148224,1.479064702987671,0.4183126986026764,0.05155273899435997,0.0,-0.031032035127282143
,,,809,,,,,,,,539982,geometry/pose_raw,,1.383605718612671,0.3709995448589325,1.492860198020935,0.42202702164649963,0.052425555884838104,0.0,-0.031353093683719635
,,,810,,,,,,,,539992,geometry/pose_raw,,1.3904671669006348,0.3726821541786194,1.5067241191864014,0.4257587790489197,0.05382026359438896,0.0,-0.031676873564720154
,,,811,,[0. 0. 0. 0.],[0. 0. 0. 0.],,,,,539998,crazyflie/motors,,,,,,,,
,,,812,,,,,,,,540002,geometry/pose_raw,,1.3973326683044434,0.37428542971611023,1.5206565856933594,0.42950719594955444,0.05376090854406357,0.0,-0.03200337663292885
,,,813,,,,,,,,540013,geometry/pose_raw,,1.4042315483093262,0.37579214572906494,1.5346578359603882,0.43327122926712036,0.05362086743116379,0.0,-0.03233111649751663
,,,814,,,,,,,,540022,geometry/pose_raw,,1.4109325408935547,0.3771617114543915,1.548727035522461,0.4370497465133667,0.053915154188871384,0.0,-0.032660387456417084
,,,815,,,,,,,,540032,geometry/pose_raw,,1.4175962209701538,0.37883734703063965,1.5628629922866821,0.4408435523509979,0.05368248373270035,0.0,-0.03299220651388168
,,,816,,,,,,,,540042,geometry/pose_raw,,1.4244627952575684,0.3805423080921173,1.5770665407180786,0.4446544349193573,0.054608602076768875,0.0,-0.033325839787721634
,,,817,,,,,,,,540052,geometry/pose_raw,,1.4314144849777222,0.3820872902870178,1.591339111328125,0.4484817683696747,0.05485016107559204,0.0,-0.0336608849465847
,,,818,,,,,,,,540062,geometry/pose_raw,,1.4382292032241821,0.38361114263534546,1.6056804656982422,0.4523245096206665,0.05451389402151108,0.0,-0.03399710729718208
,,,819,,,,,,,,540073,geometry/pose_raw,,1.444875955581665,0.38520359992980957,1.6200891733169556,0.45618289709091187,0.054738689213991165,0.0,-0.034333743155002594
,,,820,,,,,,,,540082,geometry/pose_raw,,1.4517065286636353,0.38672807812690735,1.6345652341842651,0.460056871175766,0.05395039916038513,0.0,-0.03467109799385071
,,,821,,,,,,,,540093,geometry/pose_raw,,1.4585973024368286,0.3880571126937866,1.6491098403930664,0.4639451205730438,0.05410057306289673,0.0,-0.03500954061746597
,,,822,,[0. 0. 0. 0.],[0. 0. 0. 0.],,,,,540096,crazyflie/motors,,,,,,,,
,,,823,,,,,,,,540102,geometry/pose_raw,,1.465483546257019,0.3895328640937805,1.663723349571228,0.4678472578525543,0.052444957196712494,0.0,-0.03534945473074913
,,,824,,,,,,,,540113,geometry/pose_raw,,1.4723137617111206,0.3911232054233551,1.678405523300171,0.47176462411880493,0.052802953869104385,0.0,-0.03569046035408974
,,,825,,,,,,,,540122,geometry/pose_raw,,1.4791483879089355,0.39276111125946045,1.6931560039520264,0.4756980538368225,0.05123265087604523,0.0,-0.036031343042850494
,,,826,,,,,,,,540132,geometry/pose_raw,,1.486075520515442,0.3943696916103363,1.7079753875732422,0.4796476662158966,0.05200314521789551,0.0,-0.03637317940592766
,,,827,,,,,,,,540142,geometry/pose_raw,,1.492863655090332,0.39592650532722473,1.7228631973266602,0.48361343145370483,0.053243011236190796,0.0,-0.036717697978019714
,,,828,,,,,,,,540158,geometry/pose_raw,,1.4995965957641602,0.3973386883735657,1.7378184795379639,0.4875943958759308,0.05409746617078781,0.0,-0.037063952535390854
,,,829,,,,,,,,540165,geometry/pose_raw,,1.5064332485198975,0.3987538814544678,1.752841591835022,0.4915896952152252,0.05419761314988136,0.0,-0.03741120919585228
,,,830,,,,,,,,540173,geometry/pose_raw,,1.5134730339050293,0.40029942989349365,1.767933964729309,0.4955999255180359,0.05443113297224045,0.0,-0.03776015713810921
,,,831,,,,,,,,540182,geometry/pose_raw,,1.5203993320465088,0.40176764130592346,1.7830960750579834,0.4996255040168762,0.05571145936846733,0.0,-0.03811068460345268
,,,832,,,,,,,,540192,geometry/pose_raw,,1.5271761417388916,0.4032246172428131,1.7983266115188599,0.5036659240722656,0.05571896955370903,0.0,-0.03846219182014465
,,,833,,[0. 0. 0. 0.],[0. 0. 0. 0.],,,,,540196,crazyflie/motors,,,,,,,,
,,,834,,,,,,,,540203,geometry/pose_raw,,1.534020185470581,0.4047243893146515,1.8136252164840698,0.5077211856842041,0.055395469069480896,0.0,-0.038814727216959
,,,835,,,,,,,,540213,geometry/pose_raw,,1.5408982038497925,0.40614888072013855,1.828992486000061,0.5117911696434021,0.05594159662723541,0.0,-0.03916854411363602
,,,836,,,,,,,,540223,geometry/pose_raw,,1.5477948188781738,0.4076940715312958,1.844428539276123,0.515876293182373,0.05688171088695526,0.0,-0.039523206651210785
,,,837,,,,,,,,540232,geometry/pose_raw,,1.554669976234436,0.40930497646331787,1.8599333763122559,0.519977331161499,0.05667940899729729,0.0,-0.039878759533166885
,,,838,,,,,,,,540254,geometry/pose_raw,,1.5616124868392944,0.4107804298400879,1.8755072355270386,0.5240939259529114,0.05702703446149826,0.0,-0.04023554176092148
,,,839,,,,,,,,540264,geometry/pose_raw,,1.575327754020691,0.41366147994995117,1.9068617820739746,0.5323700308799744,0.05757452920079231,0.0,-0.040952637791633606
,,,840,,,,,,,,540284,geometry/pose_raw,,1.5890452861785889,0.4168279469013214,1.9384900331497192,0.5407076478004456,0.05684080347418785,0.0,-0.04167512431740761
,,,841,,,,,,,,540292,geometry/pose_raw,,1.5959197282791138,0.4184424877166748,1.9544070959091187,0.5449004769325256,0.05629938468337059,0.0,-0.042039915919303894
,,,842,,[0. 0. 0. 0.],[0. 0. 0. 0.],,,,,540296,crazyflie/motors,,,,,,,,
,,,843,,,,,,,,540302,geometry/pose_raw,,1.6030980348587036,0.420004278421402,1.9703943729400635,0.5491092205047607,0.05662362650036812,0.0,-0.042406730353832245
,,,844,,,,,,,,540312,geometry/pose_raw,,1.6101012229919434,0.421409547328949,1.9864524602890015,0.553333044052124,0.05744034796953201,0.0,-0.042775675654411316
,,,845,,,,,,,,540322,geometry/pose_raw,,1.6168571710586548,0.42282751202583313,2.0025792121887207,0.5575711727142334,0.057843975722789764,0.0,-0.04314771667122841
,,,846,,,,,,,,540332,geometry/pose_raw,,1.6235390901565552,0.424294650554657,2.018773078918457,0.5618239045143127,0.058063115924596786,0.0,-0.043523501604795456
,,,847,,,,,,,,540342,geometry/pose_raw,,1.6302752494812012,0.4258310794830322,2.035033941268921,0.5660918354988098,0.058645762503147125,0.0,-0.0439019575715065
,,,848,,,,,,,,540353,geometry/pose_raw,,1.6372344493865967,0.42727962136268616,2.051363229751587,0.5703749060630798,0.05893595889210701,0.0,-0.04428140074014664
,,,849,,,,,,,,540364,geometry/pose_raw,,1.6443345546722412,0.4286578297615051,2.067762851715088,0.5746724009513855,0.06025481969118118,0.0,-0.044661745429039
,,,850,,,,,,,,540373,geometry/pose_raw,,1.6512073278427124,0.43025901913642883,2.0842320919036865,0.5789850950241089,0.06022488325834274,0.0,-0.04504400119185448
,,,851,,,,,,,,540382,geometry/pose_raw,,1.6581212282180786,0.431791752576828,2.1007702350616455,0.5833135843276978,0.06080744415521622,0.0,-0.045429032295942307
,,,852,,,,,,,,540392,geometry/pose_raw,,1.6651897430419922,0.4331987202167511,2.1173782348632812,0.5876569151878357,0.060436345636844635,0.0,-0.0458170622587204
,,,853,,[0. 0. 0. 0.],[0. 0. 0. 0.],,,,,540398,crazyflie/motors,,,,,,,,
,,,854,,,,,,,,540402,geometry/pose_raw,,1.672131061553955,0.43466639518737793,2.134056329727173,0.5920146107673645,0.06040988489985466,0.0,-0.04620745778083801
,,,855,,,,,,,,540413,geometry/pose_raw,,1.6791473627090454,0.4361506402492523,2.150804042816162,0.5963870882987976,0.059759803116321564,0.0,-0.046599484980106354
,,,856,,,,,,,,540422,geometry/pose_raw,,1.6862705945968628,0.43764686584472656,2.1676225662231445,0.6007744669914246,0.060047224164009094,0.0,-0.04699264466762543
,,,857,,,,,,,,540432,geometry/pose_raw,,1.6932529211044312,0.43925783038139343,2.184511423110962,0.6051775813102722,0.060456782579422,0.0,-0.0473870113492012
,,,858,,,,,,,,540442,geometry/pose_raw,,1.7000839710235596,0.4409245252609253,2.2014694213867188,0.6095972657203674,0.060656625777482986,0.0,-0.047783706337213516
,,,859,,,,,,,,540453,geometry/pose_raw,,1.7070411443710327,0.44249945878982544,2.218496322631836,0.6140334010124207,0.06168755143880844,0.0,-0.048183195292949677
,,,860,,,,,,,,540462,geometry/pose_raw,,1.7138769626617432,0.4440031051635742,2.2355918884277344,0.618485152721405,0.061803996562957764,0.0,-0.04858546331524849
,,,861,,,,,,,,540473,geometry/pose_raw,,1.7208020687103271,0.44535031914711,2.252756118774414,0.6229515671730042,0.06377939134836197,0.0,-0.048990555107593536
,,,862,,,,,,,,540482,geometry/pose_raw,,1.7277653217315674,0.44690269231796265,2.2699897289276123,0.627432644367218,0.06216795742511749,0.0,-0.04939873144030571
,,,863,,,,,,,,540492,geometry/pose_raw,,1.73481285572052,0.44853997230529785,2.2872934341430664,0.6319294571876526,0.06193080171942711,0.0,-0.049810368567705154
,,,864,,[0. 0. 0. 0.],[0. 0. 0. 0.],,,,,540495,crazyflie/motors,,,,,,,,
,,,865,,,,,,,,540502,geometry/pose_raw,,1.7416294813156128,0.4500955641269684,2.304666519165039,0.6364421844482422,0.06126686558127403,0.0,-0.0502249039709568
,,,866,,,,,,,,540511,geometry/pose_raw,,1.7483972311019897,0.4515717327594757,2.3221075534820557,0.6409701108932495,0.061515435576438904,0.0,-0.05064193531870842
,,,867,,,,,,,,540522,geometry/pose_raw,,1.7552908658981323,0.45294487476348877,2.3396167755126953,0.645512580871582,0.062470532953739166,0.0,-0.051060907542705536
,,,868,,,,,,,,540531,geometry/pose_raw,,1.7623125314712524,0.45441368222236633,2.3571953773498535,0.650069534778595,0.06318222731351852,0.0,-0.05148173123598099
,,,869,,,,,,,,540542,geometry/pose_raw,,1.7690913677215576,0.4560752511024475,2.374842882156372,0.6546424627304077,0.06374909728765488,0.0,-0.051904693245887756
,,,870,,,,,,,,540552,geometry/pose_raw,,1.775842308998108,0.457595556974411,2.3925578594207764,0.6592314839363098,0.06378183513879776,0.0,-0.052330177277326584
,,,871,,,,,,,,540561,geometry/pose_raw,,1.7828395366668701,0.4591321051120758,2.410341501235962,0.6638360023498535,0.06463060528039932,0.0,-0.052758313715457916
,,,872,,,,,,,,540571,geometry/pose_raw,,1.7897995710372925,0.46054545044898987,2.428194999694824,0.6684555411338806,0.06503842025995255,0.0,-0.05318818241357803
,,,873,,,,,,,,540581,geometry/pose_raw,,1.7966610193252563,0.46199846267700195,2.446117401123047,0.6730895638465881,0.06514979153871536,0.0,-0.05361941456794739
,,,874,,,,,,,,540592,geometry/pose_raw,,1.803647518157959,0.4635429382324219,2.464108943939209,0.6777387261390686,0.06512458622455597,0.0,-0.05405247583985329
,,,875,,[0. 0. 0. 0.],[0. 0. 0. 0.],,,,,540596,crazyflie/motors,,,,,,,,
,,,876,,,,,,,,540601,geometry/pose_raw,,1.8107448816299438,0.46498653292655945,2.482171058654785,0.6824029684066772,0.06562454253435135,0.0,-0.05448749661445618
,,,877,,,,,,,,540612,geometry/pose_raw,,1.8178449869155884,0.4665343761444092,2.5003039836883545,0.6870824098587036,0.06612062454223633,0.0,-0.054924048483371735
,,,878,,,,,,,,540622,geometry/pose_raw,,1.8250566720962524,0.4680479168891907,2.5185084342956543,0.6917774081230164,0.06686247885227203,0.0,-0.05536193400621414
,,,879,,,,,,,,540631,geometry/pose_raw,,1.832165241241455,0.469489187002182,2.5367844104766846,0.6964874863624573,0.06731364130973816,0.0,-0.05580092594027519
,,,880,,,,,,,,540642,geometry/pose_raw,,1.839516043663025,0.470802366733551,2.5551326274871826,0.7012114524841309,0.06711869686841965,0.0,-0.056241296231746674
,,,881,,,,,,,,540651,geometry/pose_raw,,1.8466631174087524,0.47230491042137146,2.5735533237457275,0.7059494256973267,0.06638100743293762,0.0,-0.05668317526578903
,,,882,,,,,,,,540662,geometry/pose_raw,,1.853543996810913,0.4737045168876648,2.5920441150665283,0.7107018828392029,0.06640413403511047,0.0,-0.05712630972266197
,,,883,,,,,,,,540671,geometry/pose_raw,,1.8606112003326416,0.4751555323600769,2.6106045246124268,0.7154686450958252,0.06606416404247284,0.0,-0.05757062882184982
,,,884,,,,,,,,540681,geometry/pose_raw,,1.8676718473434448,0.4767187237739563,2.6292357444763184,0.7202502489089966,0.06428109109401703,0.0,-0.05801570042967796
,,,885,,,,,,,,540691,geometry/pose_raw,,1.8745973110198975,0.4781910479068756,2.6479368209838867,0.7250468134880066,0.06445793807506561,0.0,-0.058460697531700134
,,,886,,[0. 0. 0. 0.],[0. 0. 0. 0.],,,,,540696,crazyflie/motors,,,,,,,,
,,,887,,,,,,,,540701,geometry/pose_raw,,1.8817592859268188,0.479736328125,2.666708469390869,0.7298586368560791,0.06475458294153214,0.0,-0.05890611559152603
,,,888,,,,,,,,540711,geometry/pose_raw,,1.8889896869659424,0.48112764954566956,2.685551881790161,0.7346856594085693,0.06686659157276154,0.0,-0.05935338884592056
,,,889,,,,,,,,540721,geometry/pose_raw,,1.8962141275405884,0.4826277196407318,2.704467296600342,0.7395275235176086,0.06685193628072739,0.0,-0.05980221554636955
,,,890,,,,,,,,540731,geometry/pose_raw,,1.9033654928207397,0.48416730761528015,2.723454713821411,0.7443845868110657,0.06633153557777405,0.0,-0.060252852737903595
,,,891,,,,,,,,540741,geometry/pose_raw,,1.9104140996932983,0.48572999238967896,2.7425131797790527,0.7492571473121643,0.06610696762800217,0.0,-0.060705896466970444
,,,892,,,,,,,,540752,geometry/pose_raw,,1.9173952341079712,0.48729267716407776,2.76164174079895,0.7541452646255493,0.06548145413398743,0.0,-0.06116095930337906
,,,893,,,,,,,,540761,geometry/pose_raw,,1.9245072603225708,0.4888148307800293,2.7808406352996826,0.7590488791465759,0.06602587550878525,0.0,-0.06161796301603317
,,,894,,,,,,,,540772,geometry/pose_raw,,1.9317289590835571,0.49036821722984314,2.8001112937927246,0.7639679908752441,0.06561627984046936,0.0,-0.0620754212141037
,,,895,,,,,,,,540781,geometry/pose_raw,,1.9389370679855347,0.4918811321258545,2.8194539546966553,0.7689023613929749,0.06518535315990448,0.0,-0.06253120303153992
,,,896,,,,,,,,540792,geometry/pose_raw,,1.945976734161377,0.4933580756187439,2.8388679027557373,0.7738515734672546,0.06434133648872375,0.0,-0.06298636645078659
,,,897,,,,,,,,540793,crazyflie/status,3.8586509227752686,,,,,,,
,,,898,,[0. 0. 0. 0.],[0. 0. 0. 0.],,,,,540797,crazyflie/motors,,,,,,,,
,,,899,,,,,,,,540801,geometry/pose_raw,,1.953197956085205,0.49481910467147827,2.8583531379699707,0.7788154482841492,0.0644131749868393,0.0,-0.06344335526227951
,,,900,,,,,,,,540812,geometry/pose_raw,,1.960374355316162,0.49626776576042175,2.8779103755950928,0.7837938666343689,0.06393645703792572,0.0,-0.06390286237001419
,,,901,,,,,,,,540821,geometry/pose_raw,,1.967581033706665,0.497737318277359,2.8975396156311035,0.7887868881225586,0.06402179598808289,0.0,-0.06436457484960556
,,,902,,,,,,,,540832,geometry/pose_raw,,1.9747271537780762,0.49918678402900696,2.917240619659424,0.7937945127487183,0.06352633982896805,0.0,-0.0648277997970581
,,,903,,,,,,,,540842,geometry/pose_raw,,1.9818506240844727,0.5007880330085754,2.9370129108428955,0.7988172769546509,0.06293192505836487,0.0,-0.0652918592095375
,,,904,,,,,,,,540852,geometry/pose_raw,,1.9889442920684814,0.5022120475769043,2.9568562507629395,0.8038553595542908,0.06393976509571075,0.0,-0.06575655937194824
,,,905,,,,,,,,540862,geometry/pose_raw,,1.9959920644760132,0.5036583542823792,2.9767701625823975,0.808908224105835,0.06493692845106125,0.0,-0.06622324138879776
,,,906,,,,,,,,540872,geometry/pose_raw,,2.0030627250671387,0.5052616596221924,2.9967546463012695,0.8139764070510864,0.06412012130022049,0.0,-0.06669284403324127
,,,907,,,,,,,,540882,geometry/pose_raw,,2.0102458000183105,0.5068778395652771,3.016810417175293,0.8190606832504272,0.06416984647512436,0.0,-0.06716421246528625
,,,908,,,,,,,,540892,geometry/pose_raw,,2.017518997192383,0.5083125829696655,3.036938190460205,0.8241603970527649,0.06470765918493271,0.0,-0.0676368996500969
,,,909,,[0. 0. 0. 0.],[0. 0. 0. 0.],,,,,540895,crazyflie/motors,,,,,,,,
,,,910,,,,,,,,540902,geometry/pose_raw,,2.0245556831359863,0.509736955165863,3.0571374893188477,0.8292744159698486,0.0637354627251625,0.0,-0.06811109930276871
,,,911,,,,,,,,540911,geometry/pose_raw,,2.031728982925415,0.5112447738647461,3.0774078369140625,0.834403395652771,0.06593916565179825,0.0,-0.06858689337968826
,,,912,,,,,,,,540922,geometry/pose_raw,,2.0388572216033936,0.5127464532852173,3.0977494716644287,0.8395479321479797,0.06601469218730927,0.0,-0.06906510889530182
,,,913,,,,,,,,540932,geometry/pose_raw,,2.0461061000823975,0.5141962170600891,3.1181631088256836,0.8447072505950928,0.0657142624258995,0.0,-0.06954669207334518
,,,914,,,,,,,,540941,geometry/pose_raw,,2.0534865856170654,0.515637218952179,3.1386497020721436,0.8498809933662415,0.06526084244251251,0.0,-0.07003121823072433
,,,915,,,,,,,,540952,geometry/pose_raw,,2.060871124267578,0.51719069480896,3.159210205078125,0.8550698161125183,0.06555483490228653,0.0,-0.07051781564950943
,,,916,,,,,,,,540961,geometry/pose_raw,,2.0680043697357178,0.5187456011772156,3.1798431873321533,0.8602743148803711,0.06573954969644547,0.0,-0.07100655883550644
,,,917,,,,,,,,540972,geometry/pose_raw,,2.0750980377197266,0.5201830863952637,3.200547218322754,0.8654940128326416,0.06625249236822128,0.0,-0.07149780541658401
,,,918,,,,,,,,540982,geometry/pose_raw,,2.0824780464172363,0.5216880440711975,3.2213234901428223,0.8707287311553955,0.06685109436511993,0.0,-0.07199150323867798
,,,919,,,,,,,,540992,geometry/pose_raw,,2.0898585319519043,0.5231048464775085,3.242173433303833,0.8759784698486328,0.06817891448736191,0.0,-0.07248638570308685
,,,920,,[0. 0. 0. 0.],[0. 0. 0. 0.],,,,,540995,crazyflie/motors,,,,,,,,
,,,921,,,,,,,,541002,geometry/pose_raw,,2.097069025039673,0.5245091915130615,3.263096332550049,0.8812426328659058,0.06797917187213898,0.0,-0.07298226654529572
,,,922,,,,,,,,541012,geometry/pose_raw,,2.1043765544891357,0.525968611240387,3.2840917110443115,0.8865213394165039,0.06890265643596649,0.0,-0.07347970455884933
,,,923,,,,,,,,541022,geometry/pose_raw,,2.1116464138031006,0.5274131894111633,3.3051598072052,0.8918148279190063,0.06885684281587601,0.0,-0.07397821545600891
,,,924,,,,,,,,541031,geometry/pose_raw,,2.1190741062164307,0.5288353562355042,3.326301336288452,0.8971228003501892,0.06918662786483765,0.0,-0.07447757571935654
,,,925,,,,,,,,541042,geometry/pose_raw,,2.126539945602417,0.5302366018295288,3.347517251968384,0.9024450778961182,0.06935060024261475,0.0,-0.07497833669185638
,,,926,,,,,,,,541051,geometry/pose_raw,,2.1339633464813232,0.5317097306251526,3.368807554244995,0.9077821373939514,0.07096778601408005,0.0,-0.07548194378614426
,,,927,,,,,,,,541061,geometry/pose_raw,,2.1412267684936523,0.533218264579773,3.3901710510253906,0.9131344556808472,0.07088270783424377,0.0,-0.07598763704299927
,,,928,,,,,,,,541071,geometry/pose_raw,,2.148437261581421,0.5346792340278625,3.411607027053833,0.9185019135475159,0.07171226292848587,0.0,-0.07649356871843338
,,,929,,,,,,,,541081,geometry/pose_raw,,2.1558148860931396,0.5360812544822693,3.4331157207489014,0.9238839745521545,0.07202503085136414,0.0,-0.07700036466121674
,,,930,,,,,,,,541091,geometry/pose_raw,,2.163118839263916,0.5375573635101318,3.454697847366333,0.9292805790901184,0.0720081776380539,0.0,-0.07750947773456573
,,,931,,[0. 0. 0. 0.],[0. 0. 0. 0.],,,,,541095,crazyflie/motors,,,,,,,,
,,,932,,,,,,,,541102,geometry/pose_raw,,2.1703264713287354,0.5390390157699585,3.4763524532318115,0.9346922039985657,0.0724625289440155,0.0,-0.07802154123783112
,,,933,,,,,,,,541111,geometry/pose_raw,,2.1776340007781982,0.5406503081321716,3.498079538345337,0.9401195645332336,0.07283991575241089,0.0,-0.07853636145591736
,,,934,,,,,,,,541122,geometry/pose_raw,,2.18498158454895,0.54226154088974,3.5198798179626465,0.9455633759498596,0.07380881160497665,0.0,-0.0790533572435379
,,,935,,,,,,,,541132,geometry/pose_raw,,2.1923880577087402,0.5436943173408508,3.5417535305023193,0.9510228037834167,0.0745948925614357,0.0,-0.07957355678081512
,,,936,,,,,,,,541141,geometry/pose_raw,,2.1998305320739746,0.5450239777565002,3.5637013912200928,0.9564963579177856,0.07470130175352097,0.0,-0.08009820431470871
,,,937,,,,,,,,541151,geometry/pose_raw,,2.207304000854492,0.5463491678237915,3.585723876953125,0.9619833827018738,0.07508675754070282,0.0,-0.08062595874071121
,,,938,,,,,,,,541162,geometry/pose_raw,,2.2145497798919678,0.5477681756019592,3.6078197956085205,0.9674845337867737,0.0763900876045227,0.0,-0.0811554417014122
,,,939,,,,,,,,541171,geometry/pose_raw,,2.2217416763305664,0.5493699312210083,3.6299877166748047,0.9730011820793152,0.07666487991809845,0.0,-0.08168681710958481
,,,940,,,,,,,,541181,geometry/pose_raw,,2.2291011810302734,0.5510556697845459,3.652228355407715,0.9785345792770386,0.07732442766427994,0.0,-0.08221978694200516
,,,941,,,,,,,,541192,geometry/pose_raw,,2.2363057136535645,0.552764892578125,3.674541711807251,0.9840849041938782,0.07607125490903854,0.0,-0.0827532410621643
,,,942,,[0. 0. 0. 0.],[0. 0. 0. 0.],,,,,541197,crazyflie/motors,,,,,,,,
,,,943,,,,,,,,541202,geometry/pose_raw,,2.2434449195861816,0.5542373657226562,3.6969268321990967,0.989651083946228,0.07655852288007736,0.0,-0.08328672498464584
,,,944,,,,,,,,541211,geometry/pose_raw,,2.250791311264038,0.5557031035423279,3.7193844318389893,0.9952322244644165,0.07666436582803726,0.0,-0.08382122963666916
,,,945,,,,,,,,541221,geometry/pose_raw,,2.258286952972412,0.5573833584785461,3.7419161796569824,1.0008289813995361,0.07555628567934036,0.0,-0.08435798436403275
,,,946,,,,,,,,541232,geometry/pose_raw,,2.265552520751953,0.558866560459137,3.764521837234497,1.0064414739608765,0.07563596218824387,0.0,-0.08489667624235153
,,,947,,,,,,,,541241,geometry/pose_raw,,2.272639036178589,0.5602158904075623,3.787199020385742,1.0120681524276733,0.07524441182613373,0.0,-0.08543682843446732
,,,948,,,,,,,,541251,geometry/pose_raw,,2.2797327041625977,0.5616902112960815,3.8099472522735596,1.0177088975906372,0.07468497008085251,0.0,-0.085978664457798
,,,949,,,,,,,,541261,geometry/pose_raw,,2.2869925498962402,0.563208281993866,3.8327672481536865,1.0233646631240845,0.07467982918024063,0.0,-0.08652177453041077
,,,950,,,,,,,,541271,geometry/pose_raw,,2.294428825378418,0.5646975040435791,3.8556606769561768,1.0290353298187256,0.07382224500179291,0.0,-0.08706497400999069
,,,951,,,,,,,,541281,geometry/pose_raw,,2.3017630577087402,0.5660855174064636,3.8786280155181885,1.0347203016281128,0.07397018373012543,0.0,-0.08760765939950943
,,,952,,,,,,,,541291,geometry/pose_raw,,2.3092072010040283,0.5674630999565125,3.9016692638397217,1.040419578552246,0.07538075745105743,0.0,-0.0881507396697998
,,,953,,[0. 0. 0. 0.],[0. 0. 0. 0.],,,,,541296,crazyflie/motors,,,,,,,,
,,,954,,,,,,,,541301,geometry/pose_raw,,2.3166346549987793,0.5688132047653198,3.9247846603393555,1.0461326837539673,0.07457272708415985,0.0,-0.08869535475969315
,,,955,,,,,,,,541312,geometry/pose_raw,,2.3237576484680176,0.5701481699943542,3.9479727745056152,1.0518592596054077,0.07522500306367874,0.0,-0.08924233913421631
,,,956,,,,,,,,541321,geometry/pose_raw,,2.3310694694519043,0.5714946985244751,3.9712328910827637,1.057599663734436,0.07619310915470123,0.0,-0.08979225158691406
,,,957,,,,,,,,541331,geometry/pose_raw,,2.3384549617767334,0.5728540420532227,3.9945664405822754,1.0633540153503418,0.07655781507492065,0.0,-0.0903448760509491
,,,958,,,,,,,,541341,geometry/pose_raw,,2.345794916152954,0.5742518305778503,4.01797342300415,1.069122314453125,0.07651368528604507,0.0,-0.09089946746826172
,,,959,,,,,,,,541351,geometry/pose_raw,,2.3531413078308105,0.575778603553772,4.041453838348389,1.0749051570892334,0.07582751661539078,0.0,-0.09145569056272507
,,,960,,,,,,,,541361,geometry/pose_raw,,2.3604304790496826,0.5773300528526306,4.06500768661499,1.0807034969329834,0.07638350129127502,0.0,-0.09201346337795258
,,,961,,,,,,,,541371,geometry/pose_raw,,2.3679163455963135,0.5788142085075378,4.088634967803955,1.086517333984375,0.07705320417881012,0.0,-0.09257327020168304
,,,962,,,,,,,,541381,geometry/pose_raw,,2.375340461730957,0.5801212191581726,4.1123366355896,1.0923454761505127,0.07770833373069763,0.0,-0.09313568472862244
,,,963,,,,,,,,541391,geometry/pose_raw,,2.3826301097869873,0.58148193359375,4.136111736297607,1.0981875658035278,0.07926753908395767,0.0,-0.09370207786560059
,,,964,,[0. 0. 0. 0.],[0. 0. 0. 0.],,,,,541395,crazyflie/motors,,,,,,,,
,,,965,,,,,,,,541401,geometry/pose_raw,,2.3899452686309814,0.5829871892929077,4.15995979309082,1.1040440797805786,0.07746836543083191,0.0,-0.09427358210086823
,,,966,,,,,,,,541411,geometry/pose_raw,,2.397407054901123,0.5842651724815369,4.183881759643555,1.1099143028259277,0.07787676900625229,0.0,-0.09484940022230148
,,,967,,,,,,,,541421,geometry/pose_raw,,2.404841899871826,0.5857036113739014,4.207878112792969,1.1157983541488647,0.07764077931642532,0.0,-0.09542837738990784
,,,968,,,,,,,,541431,geometry/pose_raw,,2.412142038345337,0.58722984790802,4.231948375701904,1.121696949005127,0.07621244341135025,0.0,-0.09600968658924103
,,,969,,,,,,,,541441,geometry/pose_raw,,2.4194436073303223,0.5886970162391663,4.256091594696045,1.127610206604004,0.07598577439785004,0.0,-0.09659331291913986
,,,970,,,,,,,,541451,geometry/pose_raw,,2.426816940307617,0.5901788473129272,4.280308246612549,1.1335382461547852,0.07584507018327713,0.0,-0.09717842191457748
,,,971,,,,,,,,541461,geometry/pose_raw,,2.4343738555908203,0.5916474461555481,4.304599285125732,1.1394813060760498,0.07688432931900024,0.0,-0.09776528179645538
,,,972,,,,,,,,541471,geometry/pose_raw,,2.4417927265167236,0.5931469202041626,4.328965187072754,1.1454395055770874,0.07649239152669907,0.0,-0.09835553169250488
,,,973,,,,,,,,541481,geometry/pose_raw,,2.4491872787475586,0.5945329666137695,4.353404998779297,1.151412010192871,0.07594314217567444,0.0,-0.09894867241382599
,,,974,,,,,,,,541491,geometry/pose_raw,,2.456486463546753,0.5959727168083191,4.377918243408203,1.1573987007141113,0.07616882026195526,0.0,-0.09954310208559036
,,,975,,[0. 0. 0. 0.],[0. 0. 0. 0.],,,,,541495,crazyflie/motors,,,,,,,,
,,,976,,,,,,,,541500,geometry/pose_raw,,2.46382737159729,0.5974015593528748,4.4025044441223145,1.1634000539779663,0.07675720751285553,0.0,-0.10013967752456665
,,,977,,,,,,,,541510,geometry/pose_raw,,2.4712696075439453,0.5988309979438782,4.427164554595947,1.169415831565857,0.07609713077545166,0.0,-0.10073908418416977
,,,978,,,,,,,,541520,geometry/pose_raw,,2.47868275642395,0.6000733971595764,4.45189905166626,1.1754449605941772,0.07627652585506439,0.0,-0.10134006291627884
,,,979,,,,,,,,541531,geometry/pose_raw,,2.4861390590667725,0.601479709148407,4.476707935333252,1.1814874410629272,0.0763372853398323,0.0,-0.10194258391857147
,,,980,,,,,,,,541541,geometry/pose_raw,,2.493577241897583,0.6029905080795288,4.501591205596924,1.187544584274292,0.07596708834171295,0.0,-0.10254665464162827
,,,981,,,,,,,,541551,geometry/pose_raw,,2.5008959770202637,0.6043764352798462,4.526548385620117,1.193616271018982,0.07568144798278809,0.0,-0.10315263271331787
,,,982,,,,,,,,541561,geometry/pose_raw,,2.508409023284912,0.6058171987533569,4.551579475402832,1.1997020244598389,0.07540605217218399,0.0,-0.10376108437776566
,,,983,,,,,,,,541571,geometry/pose_raw,,2.5160038471221924,0.6073598265647888,4.576685905456543,1.2058030366897583,0.0764460563659668,0.0,-0.10437184572219849
,,,984,,,,,,,,541581,geometry/pose_raw,,2.5235483646392822,0.6089345812797546,4.601868152618408,1.2119196653366089,0.07552152872085571,0.0,-0.1049845814704895
,,,985,,,,,,,,541591,geometry/pose_raw,,2.531017303466797,0.6102854609489441,4.627125263214111,1.2180510759353638,0.0763077661395073,0.0,-0.1055997684597969
,,,986,,[0. 0. 0. 0.],[0. 0. 0. 0.],,,,,541597,crazyflie/motors,,,,,,,,
,,,987,,,,,,,,541603,geometry/pose_raw,,2.5383877754211426,0.6116393208503723,4.652456760406494,1.224196195602417,0.07601841539144516,0.0,-0.10621757060289383
,,,988,,,,,,,,541611,geometry/pose_raw,,2.545830011367798,0.6129739880561829,4.677862167358398,1.2303550243377686,0.07712693512439728,0.0,-0.10683680325746536
,,,989,,,,,,,,541621,geometry/pose_raw,,2.5532071590423584,0.6144113540649414,4.703341484069824,1.2365280389785767,0.07676783204078674,0.0,-0.10745677351951599
,,,990,,,,,,,,541631,geometry/pose_raw,,2.5605709552764893,0.6157456636428833,4.7288947105407715,1.2427148818969727,0.07671245187520981,0.0,-0.10807839035987854
,,,991,,,,,,,,541642,geometry/pose_raw,,2.5680112838745117,0.6172036528587341,4.75452184677124,1.2489159107208252,0.07709284871816635,0.0,-0.10870219022035599
,,,992,,,,,,,,541652,geometry/pose_raw,,2.575469732284546,0.6186402440071106,4.780223369598389,1.255131721496582,0.07755789905786514,0.0,-0.1093267947435379
,,,993,,,,,,,,541662,geometry/pose_raw,,2.583098888397217,0.6200806498527527,4.806000232696533,1.2613621950149536,0.07796458154916763,0.0,-0.10995198041200638
,,,994,,,,,,,,541671,geometry/pose_raw,,2.5907278060913086,0.6215130090713501,4.83185338973999,1.2676070928573608,0.077183797955513,0.0,-0.11057702451944351
,,,995,,,,,,,,541682,geometry/pose_raw,,2.598174810409546,0.6228424310684204,4.857781887054443,1.273865818977356,0.07759271562099457,0.0,-0.11120162159204483
,,,996,,,,,,,,541691,geometry/pose_raw,,2.605649471282959,0.6243165135383606,4.883784770965576,1.280138373374939,0.07613296806812286,0.0,-0.1118275597691536
,,,997,,[0. 0. 0. 0.],[0. 0. 0. 0.],,,,,541696,crazyflie/motors,,,,,,,,
,,,998,,,,,,,,541701,geometry/pose_raw,,2.6130383014678955,0.6256411671638489,4.909862041473389,1.2864248752593994,0.07664136588573456,0.0,-0.11245550215244293
,,,999,,,,,,,,541711,geometry/pose_raw,,2.6204652786254883,0.6270630359649658,4.936013698577881,1.2927252054214478,0.07639008015394211,0.0,-0.1130855605006218
,,,1000,,,,,,,,541721,geometry/pose_raw,,2.62786865234375,0.6286150217056274,4.9622392654418945,1.2990405559539795,0.07638058811426163,0.0,-0.11371800303459167
,,,1001,,,,,,,,541731,geometry/pose_raw,,2.635423183441162,0.6301041841506958,4.988539695739746,1.3053712844848633,0.07671627402305603,0.0,-0.11435272544622421
,,,1002,,,,,,,,541742,geometry/pose_raw,,2.643049478530884,0.6315621137619019,5.014915943145752,1.3117166757583618,0.0760113000869751,0.0,-0.11498898267745972
,,,1003,,,,,,,,541753,geometry/pose_raw,,2.650693655014038,0.6328344941139221,5.04136848449707,1.3180757761001587,0.0761231929063797,0.0,-0.11562532931566238
,,,1004,,,,,,,,541762,geometry/pose_raw,,2.658402919769287,0.6339678168296814,5.067897796630859,1.3244470357894897,0.07629894465208054,0.0,-0.1162620559334755
,,,1005,,,,,,,,541771,geometry/pose_raw,,2.6658835411071777,0.6352653503417969,5.094502925872803,1.3308308124542236,0.07696738094091415,0.0,-0.11690037697553635
,,,1006,,,,,,,,541782,geometry/pose_raw,,2.673361301422119,0.6367309093475342,5.121182918548584,1.337228536605835,0.07661008089780807,0.0,-0.11754094809293747
,,,1007,,,,,,,,541792,geometry/pose_raw,,2.680727481842041,0.6380063891410828,5.147936820983887,1.343640685081482,0.07987768948078156,0.0,-0.1181841567158699
,,,1008,,,,,,,,541794,crazyflie/status,3.8586509227752686,,,,,,,
,,,1009,,[0. 0. 0. 0.],[0. 0. 0. 0.],,,,,541796,crazyflie/motors,,,,,,,,
,,,1010,,,,,,,,541801,geometry/pose_raw,,2.6881439685821533,0.6394757628440857,5.174764156341553,1.3500676155090332,0.08040908724069595,0.0,-0.11883001774549484
,,,1011,,,,,,,,541811,geometry/pose_raw,,2.695603370666504,0.6410900950431824,5.201665878295898,1.3565101623535156,0.08047077059745789,0.0,-0.11947879940271378
,,,1012,,,,,,,,541821,geometry/pose_raw,,2.7029101848602295,0.6427624821662903,5.228641510009766,1.3629692792892456,0.0805782824754715,0.0,-0.12012951821088791
,,,1013,,,,,,,,541831,geometry/pose_raw,,2.7104721069335938,0.6441680192947388,5.2556915283203125,1.3694441318511963,0.08141954243183136,0.0,-0.12078100442886353
,,,1014,,,,,,,,541841,geometry/pose_raw,,2.718090534210205,0.6456353664398193,5.282817363739014,1.3759337663650513,0.08173950016498566,0.0,-0.12143354117870331
,,,1015,,,,,,,,541851,geometry/pose_raw,,2.7257633209228516,0.6469061970710754,5.310019493103027,1.3824375867843628,0.08299382776021957,0.0,-0.12208716571331024
,,,1016,,,,,,,,541861,geometry/pose_raw,,2.7332558631896973,0.6482715606689453,5.337296962738037,1.388954997062683,0.08319281786680222,0.0,-0.12274130433797836
,,,1017,,,,,,,,541871,geometry/pose_raw,,2.740959644317627,0.6497344970703125,5.364650726318359,1.3954867124557495,0.08315073698759079,0.0,-0.12339742481708527
,,,1018,,,,,,,,541881,geometry/pose_raw,,2.748598337173462,0.6511164307594299,5.392080783843994,1.4020329713821411,0.08390456438064575,0.0,-0.12405659258365631
,,,1019,,,,,,,,541891,geometry/pose_raw,,2.756052255630493,0.6524081230163574,5.419586181640625,1.4085931777954102,0.08502165973186493,0.0,-0.12471724301576614
,,,1020,,[0. 0. 0. 0.],[0. 0. 0. 0.],,,,,541894,crazyflie/motors,,,,,,,,
,,,1021,,,,,,,,541901,geometry/pose_raw,,2.763702154159546,0.6537965536117554,5.447166919708252,1.4151670932769775,0.08503586053848267,0.0,-0.12537893652915955
,,,1022,,,,,,,,541910,geometry/pose_raw,,2.7712388038635254,0.6551578044891357,5.474823474884033,1.421755075454712,0.0856252908706665,0.0,-0.12604251503944397
,,,1023,,,,,,,,541921,geometry/pose_raw,,2.7788941860198975,0.6566577553749084,5.502556324005127,1.4283573627471924,0.08428393304347992,0.0,-0.12670832872390747
,,,1024,,,,,,,,541931,geometry/pose_raw,,2.7867140769958496,0.6579812169075012,5.53036642074585,1.4349738359451294,0.08569464087486267,0.0,-0.1273767501115799
,,,1025,,,,,,,,541941,geometry/pose_raw,,2.7942123413085938,0.6594379544258118,5.558252811431885,1.4416046142578125,0.08542215824127197,0.0,-0.1280480921268463
,,,1026,,,,,,,,541951,geometry/pose_raw,,2.8017051219940186,0.6607446670532227,5.586214065551758,1.4482494592666626,0.08617845177650452,0.0,-0.12872180342674255
,,,1027,,,,,,,,541961,geometry/pose_raw,,2.809147357940674,0.6618951559066772,5.614250183105469,1.4549070596694946,0.08661878854036331,0.0,-0.1293969601392746
,,,1028,,,,,,,,541971,geometry/pose_raw,,2.8166844844818115,0.6630128026008606,5.642360687255859,1.4615764617919922,0.0877838283777237,0.0,-0.1300731897354126
,,,1029,,,,,,,,541981,geometry/pose_raw,,2.824275493621826,0.6641727685928345,5.670547008514404,1.468258023262024,0.08923614025115967,0.0,-0.13075041770935059
,,,1030,,,,,,,,541991,geometry/pose_raw,,2.831822156906128,0.6656870245933533,5.698808670043945,1.474953532218933,0.0894441232085228,0.0,-0.13142822682857513
,,,1031,,[0. 0. 0. 0.],[0. 0. 0. 0.],,,,,541995,crazyflie/motors,,,,,,,,
,,,1032,,,,,,,,542001,geometry/pose_raw,,2.839367389678955,0.6672220826148987,5.727145671844482,1.4816646575927734,0.09032105654478073,0.0,-0.1321074664592743
,,,1033,,,,,,,,542010,geometry/pose_raw,,2.8469645977020264,0.6687764525413513,5.755558490753174,1.4883911609649658,0.08907724171876907,0.0,-0.132788747549057
,,,1034,,,,,,,,542021,geometry/pose_raw,,2.854633331298828,0.6701546907424927,5.784047603607178,1.4951324462890625,0.09030567109584808,0.0,-0.13347162306308746
,,,1035,,,,,,,,542031,geometry/pose_raw,,2.8622145652770996,0.671470046043396,5.812612533569336,1.5018877983093262,0.09087524563074112,0.0,-0.13415613770484924
,,,1036,,,,,,,,542041,geometry/pose_raw,,2.8697757720947266,0.6728739142417908,5.841253280639648,1.5086570978164673,0.0913206934928894,0.0,-0.134842649102211
,,,1037,,,,,,,,542051,geometry/pose_raw,,2.8771941661834717,0.6742849349975586,5.869968891143799,1.515440821647644,0.0915820524096489,0.0,-0.13553239405155182
,,,1038,,,,,,,,542062,geometry/pose_raw,,2.8844776153564453,0.6757617592811584,5.8987579345703125,1.5222392082214355,0.09176579117774963,0.0,-0.1362256407737732
,,,1039,,,,,,,,542072,geometry/pose_raw,,2.8920772075653076,0.6772270798683167,5.927621364593506,1.5290522575378418,0.09112192690372467,0.0,-0.13692165911197662
,,,1040,,,,,,,,542081,geometry/pose_raw,,2.899761915206909,0.6786184906959534,5.956561088562012,1.5358794927597046,0.0909653753042221,0.0,-0.13761991262435913
,,,1041,,,,,,,,542091,geometry/pose_raw,,2.90730357170105,0.6800370812416077,5.985576629638672,1.542720913887024,0.09114735573530197,0.0,-0.1383207142353058
,,,1042,,[0. 0. 0. 0.],[0. 0. 0. 0.],,,,,542096,crazyflie/motors,,,,,,,,
,,,1043,,,,,,,,542101,geometry/pose_raw,,2.9149436950683594,0.6815133690834045,6.0146684646606445,1.549576997756958,0.09085951000452042,0.0,-0.13902480900287628
,,,1044,,,,,,,,542111,geometry/pose_raw,,2.9228439331054688,0.6828436851501465,6.043837547302246,1.5564472675323486,0.0915617123246193,0.0,-0.139732226729393
,,,1045,,,,,,,,542121,geometry/pose_raw,,2.9306650161743164,0.6844245195388794,6.073085308074951,1.5633318424224854,0.08931200206279755,0.0,-0.1404426246881485
,,,1046,,,,,,,,542131,geometry/pose_raw,,2.938336133956909,0.6859097480773926,6.102410793304443,1.570231556892395,0.09030460566282272,0.0,-0.14115570485591888
,,,1047,,,,,,,,542141,geometry/pose_raw,,2.9460244178771973,0.687409520149231,6.131813049316406,1.577146291732788,0.08908307552337646,0.0,-0.14187142252922058
,,,1048,,,,,,,,542151,geometry/pose_raw,,2.9536619186401367,0.6886932253837585,6.161291599273682,1.5840749740600586,0.08987797051668167,0.0,-0.14259016513824463
,,,1049,,,,,,,,542161,geometry/pose_raw,,2.961219072341919,0.6899368762969971,6.190845966339111,1.5910170078277588,0.09136126935482025,0.0,-0.1433127075433731
,,,1050,,,,,,,,542171,geometry/pose_raw,,2.9689230918884277,0.691477358341217,6.2204766273498535,1.597973346710205,0.0907813236117363,0.0,-0.14403802156448364
,,,1051,,,,,,,,542181,geometry/pose_raw,,2.976716995239258,0.6928229331970215,6.250184535980225,1.6049444675445557,0.091963030397892,0.0,-0.14476463198661804
,,,1052,,,,,,,,542191,geometry/pose_raw,,2.984614372253418,0.6941844820976257,6.279970645904541,1.6119296550750732,0.09266332536935806,0.0,-0.14549298584461212
,,,1053,,[0. 0. 0. 0.],[0. 0. 0. 0.],,,,,542196,crazyflie/motors,,,,,,,,
,,,1054,,,,,,,,542201,geometry/pose_raw,,2.9922642707824707,0.6955140829086304,6.3098344802856445,1.6189289093017578,0.09350715577602386,0.0,-0.14622318744659424
,,,1055,,,,,,,,542211,geometry/pose_raw,,2.9996821880340576,0.6970793008804321,6.339773654937744,1.6259429454803467,0.09322836995124817,0.0,-0.14695462584495544
,,,1056,,,,,,,,542221,geometry/pose_raw,,3.007172107696533,0.6985484957695007,6.369787216186523,1.632972240447998,0.09359374642372131,0.0,-0.14768797159194946
,,,1057,,,,,,,,542230,geometry/pose_raw,,3.0147252082824707,0.6999756097793579,6.399876117706299,1.6400160789489746,0.09313786774873734,0.0,-0.14842428267002106
,,,1058,,,,,,,,542241,geometry/pose_raw,,3.022308588027954,0.701373279094696,6.43004035949707,1.6470742225646973,0.093784861266613,0.0,-0.14916351437568665
,,,1059,,,,,,,,542250,geometry/pose_raw,,3.0299808979034424,0.7028824090957642,6.460280895233154,1.6541472673416138,0.09397310763597488,0.0,-0.14990471303462982
,,,1060,,,,,,,,542262,geometry/pose_raw,,3.0377628803253174,0.7042006254196167,6.490598678588867,1.661234736442566,0.09389778226613998,0.0,-0.1506475806236267
,,,1061,,,,,,,,542271,geometry/pose_raw,,3.0454773902893066,0.7054820656776428,6.520993709564209,1.6683354377746582,0.09468554705381393,0.0,-0.15139274299144745
,,,1062,,,,,,,,542281,geometry/pose_raw,,3.0532002449035645,0.7068096995353699,6.55146598815918,1.6754493713378906,0.09418357163667679,0.0,-0.15214011073112488
,,,1063,,,,,,,,542291,geometry/pose_raw,,3.0609538555145264,0.7080602645874023,6.582015514373779,1.6825766563415527,0.0955817699432373,0.0,-0.15288949012756348
,,,1064,,[0. 0. 0. 0.],[0. 0. 0. 0.],,,,,542296,crazyflie/motors,,,,,,,,
,,,1065,,,,,,,,542301,geometry/pose_raw,,3.0687999725341797,0.7093422412872314,6.612642765045166,1.6897172927856445,0.0962560623884201,0.0,-0.15364199876785278
,,,1066,,,,,,,,542311,geometry/pose_raw,,3.076719045639038,0.710614800453186,6.643348693847656,1.6968709230422974,0.09585073590278625,0.0,-0.1543980985879898
,,,1067,,,,,,,,542321,geometry/pose_raw,,3.084625005722046,0.7119472622871399,6.674133777618408,1.7040379047393799,0.09710387140512466,0.0,-0.15515673160552979
,,,1068,,,,,,,,542331,geometry/pose_raw,,3.0924251079559326,0.7133693099021912,6.7049970626831055,1.711219072341919,0.09710776805877686,0.0,-0.15591640770435333
,,,1069,,,,,,,,542341,geometry/pose_raw,,3.100196123123169,0.7148949503898621,6.735938549041748,1.7184151411056519,0.09692689031362534,0.0,-0.15667672455310822
,,,1070,,,,,,,,542351,geometry/pose_raw,,3.1079137325286865,0.7163012623786926,6.7669572830200195,1.72562575340271,0.09627760946750641,0.0,-0.1574384570121765
,,,1071,,,,,,,,542360,geometry/pose_raw,,3.1156277656555176,0.7176737785339355,6.79805326461792,1.7328503131866455,0.09655652940273285,0.0,-0.15820194780826569
,,,1072,,,,,,,,542371,geometry/pose_raw,,3.1232662200927734,0.7191553711891174,6.829226016998291,1.7400890588760376,0.09551691263914108,0.0,-0.1589682400226593
,,,1073,,,,,,,,542381,geometry/pose_raw,,3.1311748027801514,0.7205924987792969,6.860476493835449,1.7473422288894653,0.09539534896612167,0.0,-0.1597374975681305
,,,1074,,,,,,,,542391,geometry/pose_raw,,3.1389691829681396,0.7219038009643555,6.891805171966553,1.7546093463897705,0.09580715000629425,0.0,-0.16050869226455688
,,,1075,,[0. 0. 0. 0.],[0. 0. 0. 0.],,,,,542395,crazyflie/motors,,,,,,,,
,,,1076,,,,,,,,542400,geometry/pose_raw,,3.1466031074523926,0.7231444120407104,6.923211097717285,1.7618898153305054,0.09698175638914108,0.0,-0.16128170490264893
,,,1077,,,,,,,,542411,geometry/pose_raw,,3.1542537212371826,0.7245658040046692,6.95469331741333,1.7691841125488281,0.09720676392316818,0.0,-0.16205619275569916
,,,1078,,,,,,,,542421,geometry/pose_raw,,3.16196608543396,0.725964367389679,6.986252307891846,1.7764928340911865,0.09764648228883743,0.0,-0.16283196210861206
,,,1079,,,,,,,,542431,geometry/pose_raw,,3.1698498725891113,0.7273759245872498,7.017889022827148,1.783815622329712,0.09696386009454727,0.0,-0.16360807418823242
,,,1080,,,,,,,,542441,geometry/pose_raw,,3.1778171062469482,0.728648841381073,7.049604892730713,1.7911522388458252,0.098609060049057,0.0,-0.1643839031457901
,,,1081,,,,,,,,542450,geometry/pose_raw,,3.185579299926758,0.7300747632980347,7.081399440765381,1.798503041267395,0.09885931760072708,0.0,-0.16516073048114777
,,,1082,,,,,,,,542460,geometry/pose_raw,,3.193373203277588,0.7314311861991882,7.113271713256836,1.8058679103851318,0.09872713685035706,0.0,-0.16593962907791138
,,,1083,,,,,,,,542470,geometry/pose_raw,,3.2011606693267822,0.7327908873558044,7.145221710205078,1.8132463693618774,0.09839614480733871,0.0,-0.16672061383724213
,,,1084,,,,,,,,542481,geometry/pose_raw,,3.2089366912841797,0.734326183795929,7.177249431610107,1.8206392526626587,0.09789527207612991,0.0,-0.16750390827655792
,,,1085,,,,,,,,542491,geometry/pose_raw,,3.216763973236084,0.7358090877532959,7.209355354309082,1.828047275543213,0.09846675395965576,0.0,-0.1682906150817871
,,,1086,,[0. 0. 0. 0.],[0. 0. 0. 0.],,,,,542495,crazyflie/motors,,,,,,,,
,,,1087,,,,,,,,542501,geometry/pose_raw,,3.224411964416504,0.737330436706543,7.2415385246276855,1.8354705572128296,0.09809055179357529,0.0,-0.16908010840415955
,,,1088,,,,,,,,542511,geometry/pose_raw,,3.2320754528045654,0.7387310862541199,7.273797988891602,1.8429087400436401,0.09903085976839066,0.0,-0.1698707789182663
,,,1089,,,,,,,,542521,geometry/pose_raw,,3.2398650646209717,0.740020751953125,7.3061347007751465,1.8503607511520386,0.09900841116905212,0.0,-0.17066235840320587
,,,1090,,,,,,,,542531,geometry/pose_raw,,3.247673749923706,0.7413523197174072,7.3385491371154785,1.8578262329101562,0.0997290089726448,0.0,-0.17145559191703796
,,,1091,,,,,,,,542541,geometry/pose_raw,,3.2555251121520996,0.7428670525550842,7.371042251586914,1.8653062582015991,0.09982800483703613,0.0,-0.1722504049539566
,,,1092,,,,,,,,542550,geometry/pose_raw,,3.263307809829712,0.7444266676902771,7.403613090515137,1.872801661491394,0.09898602962493896,0.0,-0.1730465590953827
,,,1093,,,,,,,,542561,geometry/pose_raw,,3.2709810733795166,0.745839536190033,7.436261177062988,1.8803120851516724,0.10002122819423676,0.0,-0.17384399473667145
,,,1094,,,,,,,,542571,geometry/pose_raw,,3.278728485107422,0.7473204135894775,7.468986511230469,1.8878374099731445,0.09990739077329636,0.0,-0.17464251816272736
,,,1095,,,,,,,,542581,geometry/pose_raw,,3.2865302562713623,0.7489373087882996,7.501789569854736,1.8953779935836792,0.09873578697443008,0.0,-0.17544309794902802
,,,1096,,,,,,,,542590,geometry/pose_raw,,3.294340133666992,0.7503057718276978,7.534670829772949,1.902933120727539,0.09807782620191574,0.0,-0.17624661326408386
,,,1097,,[0. 0. 0. 0.],[0. 0. 0. 0.],,,,,542595,crazyflie/motors,,,,,,,,
,,,1098,,,,,,,,542602,geometry/pose_raw,,3.3021113872528076,0.7516559958457947,7.567629814147949,1.9105018377304077,0.09806136786937714,0.0,-0.17705315351486206
,,,1099,,,,,,,,542610,geometry/pose_raw,,3.3098175525665283,0.7530791759490967,7.600666046142578,1.9180845022201538,0.09806355834007263,0.0,-0.177862286567688
,,,1100,,,,,,,,542621,geometry/pose_raw,,3.3174664974212646,0.7545835971832275,7.633779048919678,1.9256818294525146,0.09764549881219864,0.0,-0.1786738783121109
,,,1101,,,,,,,,542631,geometry/pose_raw,,3.325167417526245,0.7559288740158081,7.666968822479248,1.9332937002182007,0.09836064279079437,0.0,-0.17948754131793976
,,,1102,,,,,,,,542641,geometry/pose_raw,,3.333024024963379,0.7572446465492249,7.7002363204956055,1.9409195184707642,0.0993395745754242,0.0,-0.18030337989330292
,,,1103,,,,,,,,542650,geometry/pose_raw,,3.340951681137085,0.7586351633071899,7.733582496643066,1.9485591650009155,0.09904501587152481,0.0,-0.18112172186374664
,,,1104,,,,,,,,542661,geometry/pose_raw,,3.3488235473632812,0.760179340839386,7.767007827758789,1.9562129974365234,0.09707086533308029,0.0,-0.1819421350955963
,,,1105,,,,,,,,542671,geometry/pose_raw,,3.356732130050659,0.7614749073982239,7.800511837005615,1.9638807773590088,0.09787837415933609,0.0,-0.18276508152484894
,,,1106,,,,,,,,542681,geometry/pose_raw,,3.36450457572937,0.7628646492958069,7.834094524383545,1.971562385559082,0.09806767106056213,0.0,-0.1835901141166687
,,,1107,,,,,,,,542691,geometry/pose_raw,,3.3721585273742676,0.7642412185668945,7.867753982543945,1.9792582988739014,0.09904392063617706,0.0,-0.18441669642925262
,,,1108,,[0. 0. 0. 0.],[0. 0. 0. 0.],,,,,542694,crazyflie/motors,,,,,,,,
,,,1109,,,,,,,,542701,geometry/pose_raw,,3.3798937797546387,0.765522837638855,7.901490211486816,1.9869682788848877,0.10032960027456284,0.0,-0.18524488806724548
,,,1110,,,,,,,,542710,geometry/pose_raw,,3.3877806663513184,0.7669159173965454,7.935304641723633,1.994692087173462,0.10003809630870819,0.0,-0.1860736757516861
,,,1111,,,,,,,,542721,geometry/pose_raw,,3.3958029747009277,0.7682092785835266,7.969198226928711,2.002429723739624,0.10102180391550064,0.0,-0.18690337240695953
,,,1112,,,,,,,,542731,geometry/pose_raw,,3.4036409854888916,0.7696045637130737,8.00317096710205,2.010181188583374,0.10066463053226471,0.0,-0.1877361387014389
,,,1113,,,,,,,,542741,geometry/pose_raw,,3.411364793777466,0.7709863781929016,8.037221908569336,2.017946720123291,0.1016569510102272,0.0,-0.1885729730129242
,,,1114,,,,,,,,542751,geometry/pose_raw,,3.4192843437194824,0.7722904682159424,8.07135009765625,2.025726318359375,0.10184121876955032,0.0,-0.18941263854503632
,,,1115,,,,,,,,542761,geometry/pose_raw,,3.4270591735839844,0.7734997868537903,8.105557441711426,2.0335187911987305,0.10255884379148483,0.0,-0.1902541220188141
,,,1116,,,,,,,,542771,geometry/pose_raw,,3.4349465370178223,0.7749377489089966,8.139842987060547,2.0413248538970947,0.1027863472700119,0.0,-0.19109764695167542
,,,1117,,,,,,,,542781,geometry/pose_raw,,3.442962169647217,0.7763445973396301,8.17420768737793,2.049144983291626,0.1012161448597908,0.0,-0.1919436752796173
,,,1118,,,,,,,,542790,geometry/pose_raw,,3.4509236812591553,0.7777999639511108,8.20865249633789,2.056978940963745,0.10060395300388336,0.0,-0.19279292225837708
,,,1119,,,,,,,,542791,crazyflie/status,3.8586509227752686,,,,,,,
,,,1120,,[0. 0. 0. 0.],[0. 0. 0. 0.],,,,,542795,crazyflie/motors,,,,,,,,
,,,1121,,,,,,,,542801,geometry/pose_raw,,3.458768606185913,0.7792148590087891,8.243176460266113,2.0648274421691895,0.10132936388254166,0.0,-0.19364550709724426
,,,1122,,,,,,,,542811,geometry/pose_raw,,3.4667272567749023,0.7806645035743713,8.277778625488281,2.072690725326538,0.10152599960565567,0.0,-0.19450049102306366
,,,1123,,,,,,,,542820,geometry/pose_raw,,3.474773645401001,0.7820990085601807,8.312460899353027,2.080568313598633,0.10088043659925461,0.0,-0.19535712897777557
,,,1124,,,,,,,,542830,geometry/pose_raw,,3.4826104640960693,0.7835131883621216,8.347222328186035,2.088460683822632,0.10228707641363144,0.0,-0.19621607661247253
,,,1125,,,,,,,,542841,geometry/pose_raw,,3.490332841873169,0.7849258184432983,8.382061958312988,2.096367359161377,0.10123785585165024,0.0,-0.19707787036895752
,,,1126,,,,,,,,542851,geometry/pose_raw,,3.4983012676239014,0.7861869931221008,8.416979789733887,2.1042873859405518,0.10153915733098984,0.0,-0.19794195890426636
,,,1127,,,,,,,,542861,geometry/pose_raw,,3.5062520503997803,0.7875708341598511,8.451977729797363,2.1122210025787354,0.1018545851111412,0.0,-0.198808491230011
,,,1128,,,,,,,,542872,geometry/pose_raw,,3.514026403427124,0.789019763469696,8.487053871154785,2.120168924331665,0.10202432423830032,0.0,-0.19967764616012573
,,,1129,,,,,,,,542881,geometry/pose_raw,,3.52193021774292,0.790227472782135,8.522208213806152,2.1281309127807617,0.10377346724271774,0.0,-0.2005493938922882
,,,1130,,,,,,,,542891,geometry/pose_raw,,3.5299232006073,0.7915829420089722,8.557441711425781,2.136106491088867,0.10422258824110031,0.0,-0.20142394304275513
,,,1131,,[0. 0. 0. 0.],[0. 0. 0. 0.],,,,,542895,crazyflie/motors,,,,,,,,
,,,1132,,,,,,,,542901,geometry/pose_raw,,3.5379843711853027,0.7929567098617554,8.592755317687988,2.1440961360931396,0.1043449342250824,0.0,-0.2023017406463623
,,,1133,,,,,,,,542911,geometry/pose_raw,,3.546036958694458,0.794447124004364,8.628149032592773,2.1521005630493164,0.10476066172122955,0.0,-0.20318284630775452
,,,1134,,,,,,,,542921,geometry/pose_raw,,3.5539658069610596,0.7959351539611816,8.663622856140137,2.1601200103759766,0.10496740788221359,0.0,-0.20406633615493774
,,,1135,,,,,,,,542931,geometry/pose_raw,,3.5616774559020996,0.7972949743270874,8.699174880981445,2.168154001235962,0.10487499088048935,0.0,-0.2049514651298523
,,,1136,,,,,,,,542941,geometry/pose_raw,,3.5695269107818604,0.7986566424369812,8.734804153442383,2.1762020587921143,0.10582295805215836,0.0,-0.20583926141262054
,,,1137,,,,,,,,542951,geometry/pose_raw,,3.5774998664855957,0.8000894784927368,8.770512580871582,2.184264898300171,0.10688092559576035,0.0,-0.20672982931137085
,,,1138,,,,,,,,542961,geometry/pose_raw,,3.5854740142822266,0.8014894127845764,8.80630111694336,2.192342519760132,0.10747182369232178,0.0,-0.20762254297733307
,,,1139,,,,,,,,542971,geometry/pose_raw,,3.5933594703674316,0.8029890656471252,8.842168807983398,2.200435161590576,0.10797782242298126,0.0,-0.20851723849773407
,,,1140,,,,,,,,542981,geometry/pose_raw,,3.601140022277832,0.804423987865448,8.878114700317383,2.208543062210083,0.10858216881752014,0.0,-0.20941349864006042
,,,1141,,,,,,,,542991,geometry/pose_raw,,3.6089746952056885,0.8057217001914978,8.914137840270996,2.2166647911071777,0.10840725153684616,0.0,-0.21031148731708527
,,,1142,,[0. 0. 0. 0.],[0. 0. 0. 0.],,,,,542995,crazyflie/motors,,,,,,,,
,,,1143,,,,,,,,543000,geometry/pose_raw,,3.6169626712799072,0.8071392774581909,8.950240135192871,2.2248001098632812,0.10792379826307297,0.0,-0.21121178567409515
,,,1144,,,,,,,,543011,geometry/pose_raw,,3.6248223781585693,0.8085328340530396,8.986421585083008,2.2329492568969727,0.10781155526638031,0.0,-0.212115079164505
,,,1145,,,,,,,,543021,geometry/pose_raw,,3.632657766342163,0.810117781162262,9.022682189941406,2.2411131858825684,0.10703936219215393,0.0,-0.21302075684070587
,,,1146,,,,,,,,543031,geometry/pose_raw,,3.6405584812164307,0.8115920424461365,9.05902099609375,2.2492926120758057,0.10773558169603348,0.0,-0.2139287143945694
,,,1147,,,,,,,,543042,geometry/pose_raw,,3.648409366607666,0.813051164150238,9.095438957214355,2.2574870586395264,0.10780441015958786,0.0,-0.21484002470970154
,,,1148,,,,,,,,543051,geometry/pose_raw,,3.656137466430664,0.8143817782402039,9.13193416595459,2.265695095062256,0.10623259842395782,0.0,-0.21575476229190826
,,,1149,,,,,,,,543062,geometry/pose_raw,,3.664071798324585,0.8156453371047974,9.16850757598877,2.2739157676696777,0.10626146197319031,0.0,-0.2166721522808075
,,,1150,,,,,,,,543071,geometry/pose_raw,,3.6721742153167725,0.8169166445732117,9.205161094665527,2.28214955329895,0.10663855820894241,0.0,-0.21759241819381714
,,,1151,,,,,,,,543080,geometry/pose_raw,,3.6802475452423096,0.8182920813560486,9.24189567565918,2.2903969287872314,0.10706861317157745,0.0,-0.2185158133506775
,,,1152,,,,,,,,543090,geometry/pose_raw,,3.6888267993927,0.8198329210281372,9.282395362854004,2.299485445022583,0.10724969953298569,0.0,-0.21953512728214264
,,,1153,,[0. 0. 0. 0.],[0. 0. 0. 0.],,,,,543095,crazyflie/motors,,,,,,,,
,,,1154,,,,,,,,543101,geometry/pose_raw,,3.6966288089752197,0.8213109374046326,9.319294929504395,2.30776309967041,0.10741810500621796,0.0,-0.22046467661857605
,,,1155,,,,,,,,543111,geometry/pose_raw,,3.7053592205047607,0.822834849357605,9.35997486114502,2.3168857097625732,0.10839676111936569,0.0,-0.22148847579956055
,,,1156,,,,,,,,543120,geometry/pose_raw,,3.7132205963134766,0.824375569820404,9.397039413452148,2.3251945972442627,0.10801929235458374,0.0,-0.22242048382759094
,,,1157,,,,,,,,543131,geometry/pose_raw,,3.721144437789917,0.8257212042808533,9.434183120727539,2.3335182666778564,0.10843769460916519,0.0,-0.22335481643676758
,,,1158,,,,,,,,543141,geometry/pose_raw,,3.7290844917297363,0.82707279920578,9.471405982971191,2.341855525970459,0.10831359773874283,0.0,-0.22429150342941284
,,,1159,,,,,,,,543151,geometry/pose_raw,,3.736961841583252,0.8284205198287964,9.508708000183105,2.3502068519592285,0.10952609777450562,0.0,-0.22523042559623718
,,,1160,,,,,,,,543160,geometry/pose_raw,,3.74485445022583,0.829779326915741,9.546088218688965,2.358572483062744,0.10982445627450943,0.0,-0.2261713445186615
,,,1161,,,,,,,,543171,geometry/pose_raw,,3.7527272701263428,0.831100344657898,9.583547592163086,2.3669519424438477,0.11077047884464264,0.0,-0.2271149456501007
,,,1162,,,,,,,,543181,geometry/pose_raw,,3.760561227798462,0.8325510621070862,9.621085166931152,2.375345230102539,0.10928459465503693,0.0,-0.2280624955892563
,,,1163,,,,,,,,543190,geometry/pose_raw,,3.7685515880584717,0.8339725732803345,9.65870189666748,2.3837525844573975,0.1091090738773346,0.0,-0.22901354730129242
,,,1164,,[0. 0. 0. 0.],[0. 0. 0. 0.],,,,,543195,crazyflie/motors,,,,,,,,
,,,1165,,,,,,,,543200,geometry/pose_raw,,3.7764456272125244,0.835408627986908,9.69639778137207,2.392174243927002,0.10916153341531754,0.0,-0.2299669086933136
,,,1166,,,,,,,,543211,geometry/pose_raw,,3.784367322921753,0.8367521166801453,9.734172821044922,2.4006102085113525,0.10987018048763275,0.0,-0.23092271387577057
,,,1167,,,,,,,,543221,geometry/pose_raw,,3.792233467102051,0.8382567763328552,9.772027015686035,2.4090609550476074,0.10989418625831604,0.0,-0.23188158869743347
,,,1168,,,,,,,,543231,geometry/pose_raw,,3.800093173980713,0.8395943641662598,9.809959411621094,2.4175264835357666,0.11109279096126556,0.0,-0.23284263908863068
,,,1169,,,,,,,,543241,geometry/pose_raw,,3.8078560829162598,0.8410623669624329,9.847970008850098,2.426006317138672,0.11057627946138382,0.0,-0.2338046431541443
,,,1170,,,,,,,,543251,geometry/pose_raw,,3.8160300254821777,0.8423631191253662,9.88606071472168,2.434499979019165,0.11077184230089188,0.0,-0.23476792871952057
,,,1171,,,,,,,,543261,geometry/pose_raw,,3.824450731277466,0.8436205387115479,9.924233436584473,2.443006992340088,0.11143583804368973,0.0,-0.2357337474822998
,,,1172,,,,,,,,543271,geometry/pose_raw,,3.8326566219329834,0.8449376225471497,9.962489128112793,2.4515271186828613,0.11110910028219223,0.0,-0.23670321702957153
,,,1173,,,,,,,,543280,geometry/pose_raw,,3.840764284133911,0.8462717533111572,10.000826835632324,2.4600610733032227,0.11232306808233261,0.0,-0.23767568171024323
,,,1174,,,,,,,,543291,geometry/pose_raw,,3.8487532138824463,0.8477550148963928,10.039244651794434,2.46860933303833,0.11142563074827194,0.0,-0.2386493682861328
,,,1175,,[0. 0. 0. 0.],[0. 0. 0. 0.],,,,,543295,crazyflie/motors,,,,,,,,
,,,1176,,,,,,,,543301,geometry/pose_raw,,3.8568434715270996,0.8490981459617615,10.077742576599121,2.4771721363067627,0.1127389594912529,0.0,-0.23962299525737762
,,,1177,,,,,,,,543314,geometry/pose_raw,,3.8648228645324707,0.8504207730293274,10.116321563720703,2.485748767852783,0.112864650785923,0.0,-0.2405969649553299
,,,1178,,,,,,,,543320,geometry/pose_raw,,3.8729095458984375,0.8517963886260986,10.154980659484863,2.4943392276763916,0.11337284743785858,0.0,-0.24157312512397766
,,,1179,,,,,,,,543331,geometry/pose_raw,,3.8809468746185303,0.8532364368438721,10.193719863891602,2.502943754196167,0.1122317910194397,0.0,-0.2425519973039627
,,,1180,,,,,,,,543340,geometry/pose_raw,,3.8890292644500732,0.8545288443565369,10.232540130615234,2.511561870574951,0.11246440559625626,0.0,-0.24353280663490295
,,,1181,,,,,,,,543352,geometry/pose_raw,,3.8969218730926514,0.8558055758476257,10.271439552307129,2.520193099975586,0.11230584979057312,0.0,-0.24451541900634766
,,,1182,,,,,,,,543361,geometry/pose_raw,,3.904808282852173,0.8572413921356201,10.310418128967285,2.5288379192352295,0.11193888634443283,0.0,-0.2454994171857834
,,,1183,,,,,,,,543371,geometry/pose_raw,,3.9130098819732666,0.8586940765380859,10.34947681427002,2.5374972820281982,0.11253811419010162,0.0,-0.24648480117321014
,,,1184,,,,,,,,543382,geometry/pose_raw,,3.921353816986084,0.8601776957511902,10.388618469238281,2.5461714267730713,0.11144409328699112,0.0,-0.24747221171855927
,,,1185,,,,,,,,543390,geometry/pose_raw,,3.929598808288574,0.8614227771759033,10.42784309387207,2.5548598766326904,0.11375386267900467,0.0,-0.24846118688583374
,,,1186,,[0. 0. 0. 0.],[0. 0. 0. 0.],,,,,543406,crazyflie/motors,,,,,,,,
,,,1187,,,,,,,,543410,geometry/pose_raw,,3.9377033710479736,0.8626371026039124,10.467148780822754,2.5635616779327393,0.11424090713262558,0.0,-0.24945102632045746
,,,1188,,,,,,,,543424,geometry/pose_raw,,3.9536285400390625,0.8653834462165833,10.546001434326172,2.581005334854126,0.11419761925935745,0.0,-0.25143375992774963
,,,1189,,,,,,,,543432,geometry/pose_raw,,3.9616053104400635,0.8667728304862976,10.58554744720459,2.5897486209869385,0.11515064537525177,0.0,-0.2524276077747345
,,,1190,,,,,,,,543441,geometry/pose_raw,,3.9698145389556885,0.868243396282196,10.625173568725586,2.5985066890716553,0.11523715406656265,0.0,-0.25342321395874023
,,,1191,,,,,,,,543452,geometry/pose_raw,,3.9781627655029297,0.8696638345718384,10.66488265991211,2.6072793006896973,0.11518900096416473,0.0,-0.2544201910495758
,,,1192,,,,,,,,543461,geometry/pose_raw,,3.986227035522461,0.8711898922920227,10.704673767089844,2.6160671710968018,0.1162029504776001,0.0,-0.25541749596595764
,,,1193,,,,,,,,543472,geometry/pose_raw,,3.9941399097442627,0.8725451231002808,10.744544982910156,2.6248703002929688,0.11734811216592789,0.0,-0.2564159631729126
,,,1194,,,,,,,,543480,geometry/pose_raw,,4.002207279205322,0.8740325570106506,10.78449535369873,2.633687973022461,0.11676010489463806,0.0,-0.2574162185192108
,,,1195,,,,,,,,543491,geometry/pose_raw,,4.010334014892578,0.8754410147666931,10.8245267868042,2.6425201892852783,0.11709607392549515,0.0,-0.25841814279556274
,,,1196,,[0. 0. 0. 0.],[0. 0. 0. 0.],,,,,543495,crazyflie/motors,,,,,,,,
,,,1197,,,,,,,,543504,geometry/pose_raw,,4.0184855461120605,0.876831591129303,10.864639282226562,2.651366710662842,0.11670943349599838,0.0,-0.2594226598739624
,,,1198,,,,,,,,543511,geometry/pose_raw,,4.026801109313965,0.8782501816749573,10.904834747314453,2.660227060317993,0.11589363217353821,0.0,-0.26042941212654114
,,,1199,,,,,,,,543520,geometry/pose_raw,,4.035116195678711,0.879622757434845,10.945113182067871,2.6691012382507324,0.11605321615934372,0.0,-0.2614373564720154
,,,1200,,,,,,,,543531,geometry/pose_raw,,4.043245315551758,0.8809371590614319,10.9854736328125,2.6779892444610596,0.1163741871714592,0.0,-0.26244524121284485
,,,1201,,,,,,,,543542,geometry/pose_raw,,4.051093578338623,0.882145345211029,11.025914192199707,2.686890125274658,0.11660368740558624,0.0,-0.2634523808956146
,,,1202,,,,,,,,543551,geometry/pose_raw,,4.05915641784668,0.8835393190383911,11.066433906555176,2.6958043575286865,0.11707139760255814,0.0,-0.26446008682250977
,,,1203,,,,,,,,543561,geometry/pose_raw,,4.0673933029174805,0.8851823806762695,11.107035636901855,2.7047336101531982,0.11545801907777786,0.0,-0.2654699981212616
,,,1204,,,,,,,,543571,geometry/pose_raw,,4.07550573348999,0.8865745067596436,11.14771842956543,2.7136778831481934,0.11604629456996918,0.0,-0.26648277044296265
,,,1205,,,,,,,,543580,geometry/pose_raw,,4.083428859710693,0.8879990577697754,11.188481330871582,2.7226362228393555,0.1150970458984375,0.0,-0.26749783754348755
,,,1206,,,,,,,,543590,geometry/pose_raw,,4.091473579406738,0.8894537687301636,11.229324340820312,2.7316091060638428,0.11593396961688995,0.0,-0.26851391792297363
,,,1207,,[0. 0. 0. 0.],[0. 0. 0. 0.],,,,,543595,crazyflie/motors,,,,,,,,
,,,1208,,,,,,,,543601,geometry/pose_raw,,4.09967565536499,0.8907078504562378,11.270248413085938,2.7405965328216553,0.11735295504331589,0.0,-0.2695302963256836
,,,1209,,,,,,,,543610,geometry/pose_raw,,4.107765197753906,0.8919378519058228,11.311253547668457,2.7495973110198975,0.11802005767822266,0.0,-0.270547091960907
,,,1210,,,,,,,,543620,geometry/pose_raw,,4.1158599853515625,0.8932811617851257,11.352339744567871,2.7586112022399902,0.11786231398582458,0.0,-0.27156463265419006
,,,1211,,,,,,,,543632,geometry/pose_raw,,4.12419319152832,0.8946264982223511,11.393507957458496,2.76763916015625,0.11882074177265167,0.0,-0.2725830674171448
,,,1212,,,,,,,,543640,geometry/pose_raw,,4.132437705993652,0.8960384726524353,11.434759140014648,2.7766811847686768,0.11812387406826019,0.0,-0.27360308170318604
,,,1213,,,,,,,,543650,geometry/pose_raw,,4.140523910522461,0.897548496723175,11.476092338562012,2.7857372760772705,0.11707460135221481,0.0,-0.2746247947216034
,,,1214,,,,,,,,543661,geometry/pose_raw,,4.148657321929932,0.8989436626434326,11.51750659942627,2.7948076725006104,0.11720047891139984,0.0,-0.2756488621234894
,,,1215,,,,,,,,543670,geometry/pose_raw,,4.156886100769043,0.9004716277122498,11.559001922607422,2.8038930892944336,0.11725757271051407,0.0,-0.2766762375831604
,,,1216,,,,,,,,543681,geometry/pose_raw,,4.165266513824463,0.9018977284431458,11.600580215454102,2.812993288040161,0.11714519560337067,0.0,-0.2777065634727478
,,,1217,,,,,,,,543690,geometry/pose_raw,,4.1735920906066895,0.9032766819000244,11.642242431640625,2.8221075534820557,0.11652787774801254,0.0,-0.27873948216438293
,,,1218,,[0. 0. 0. 0.],[0. 0. 0. 0.],,,,,543695,crazyflie/motors,,,,,,,,
,,,1219,,,,,,,,543701,geometry/pose_raw,,4.181704044342041,0.9047145843505859,11.68398666381836,2.8312361240386963,0.11758951842784882,0.0,-0.27977463603019714
,,,1220,,,,,,,,543711,geometry/pose_raw,,4.189688682556152,0.9063205718994141,11.725811004638672,2.8403804302215576,0.11714845150709152,0.0,-0.28081226348876953
,,,1221,,,,,,,,543721,geometry/pose_raw,,4.197955131530762,0.9077284932136536,11.767717361450195,2.8495402336120605,0.11807537823915482,0.0,-0.2818520963191986
,,,1222,,,,,,,,543731,geometry/pose_raw,,4.206129550933838,0.9090147614479065,11.80970573425293,2.8587143421173096,0.11910480260848999,0.0,-0.28289371728897095
,,,1223,,,,,,,,543740,geometry/pose_raw,,4.214382171630859,0.9104254841804504,11.851776123046875,2.8679022789001465,0.11869542300701141,0.0,-0.28393781185150146
